HomePlanet,CryoSleep,Destination,Age,VIP,Transported,group,money
1,0,2,39.0,0,0,0001,0.0
0,0,2,24.0,0,1,0002,736.0
1,0,2,58.0,1,0,0003,10383.0
1,0,2,33.0,0,0,0003,5176.0
0,0,2,16.0,0,1,0004,1091.0
0,0,1,44.0,0,1,0005,774.0
0,0,2,26.0,0,1,0006,1584.0
0,1,2,28.0,0,1,0006,0.0
0,0,2,35.0,0,1,0007,1018.0
1,1,0,14.0,0,1,0008,0.0
1,1,2,34.0,0,1,0008,0.0
1,0,0,45.0,0,1,0008,8157.0
2,0,2,32.0,0,1,0009,1309.0
0,0,2,48.0,0,0,0010,809.0
0,0,2,28.0,0,1,0011,1003.0
0,0,2,31.0,0,0,0012,908.0
2,0,0,27.0,0,0,0014,1408.0
0,0,0,24.0,0,0,0015,638.0
2,1,2,45.0,0,1,0016,0.0
0,0,2,0.0,0,1,0017,0.0
0,0,0,14.0,0,0,0017,1092.0
0,1,2,1.0,0,0,0020,0.0
0,1,0,49.0,0,0,0020,0.0
0,1,0,29.0,0,0,0020,0.0
0,0,2,10.0,0,1,0020,0.0
0,1,1,1.0,0,0,0020,0.0
0,0,2,7.0,0,0,0020,0.0
2,0,2,21.0,0,0,0022,1051.0
1,1,2,62.0,0,1,0024,0.0
0,0,2,15.0,0,0,0025,1223.0
1,0,0,34.0,0,0,0026,7861.0
2,0,2,43.0,0,0,0028,1309.0
0,0,2,32.0,0,0,0030,1821.0
2,0,2,47.0,0,1,0031,2854.0
2,0,2,2.0,0,1,0031,0.0
2,0,2,20.0,0,1,0031,2740.0
1,1,0,28.0,0,1,0034,0.0
2,0,0,23.0,0,0,0035,2699.0
0,0,0,15.0,0,0,0036,961.0
0,0,0,20.0,0,0,0038,3355.0
0,1,0,30.0,0,0,0039,0.0
0,1,2,17.0,0,1,0041,0.0
1,0,2,45.0,0,0,0043,3575.0
0,1,2,55.0,0,0,0044,0.0
0,1,0,4.0,0,1,0044,0.0
0,1,1,21.0,0,1,0044,0.0
2,0,2,21.0,0,0,0045,1214.0
2,1,2,19.0,0,1,0045,0.0
0,0,0,35.0,0,0,0050,790.0
0,0,2,56.0,0,0,0051,1618.0
0,0,2,24.0,0,0,0052,4689.0
0,0,2,25.0,0,1,0053,1939.0
1,0,2,2.0,0,1,0056,0.0
1,1,2,38.0,0,1,0056,0.0
1,0,2,27.0,0,1,0056,4547.0
0,1,1,36.0,0,0,0058,0.0
0,0,2,22.0,0,0,0061,2667.0
0,0,2,62.0,0,0,0062,634.0
2,1,2,15.0,0,1,0064,0.0
0,1,2,33.0,0,1,0064,0.0
0,0,2,62.0,0,0,0066,811.0
0,1,1,0.0,0,1,0067,0.0
0,0,2,18.0,0,1,0067,705.0
0,0,0,21.0,0,0,0067,2007.0
2,0,2,24.0,0,0,0068,1048.0
0,0,2,42.0,0,1,0069,902.0
0,0,2,19.0,0,0,0070,922.0
0,0,2,17.0,0,0,0071,2233.0
0,0,2,14.0,0,0,0072,1064.0
2,0,1,37.0,0,0,0073,879.0
1,0,2,42.0,0,1,0074,8904.0
2,0,2,27.0,0,1,0076,1165.0
2,0,2,28.0,0,1,0077,1309.0
1,0,2,38.0,0,0,0078,15815.0
0,1,2,13.0,0,0,0081,0.0
2,0,2,42.0,0,0,0082,7406.0
2,1,2,2.0,0,1,0082,0.0
2,0,2,8.0,0,1,0082,0.0
0,0,2,24.0,0,1,0084,705.0
1,1,2,40.0,0,1,0085,0.0
0,0,2,43.0,0,0,0086,1362.0
2,1,1,45.0,0,1,0088,0.0
0,1,2,35.0,0,1,0090,0.0
0,1,2,26.0,0,1,0091,0.0
0,0,2,27.0,0,0,0091,917.0
0,0,2,19.0,0,0,0092,705.0
0,1,2,0.0,0,1,0092,0.0
0,1,2,3.0,0,1,0092,0.0
1,0,2,54.0,0,0,0097,1848.0
0,0,2,26.0,0,0,0098,893.0
0,0,2,26.0,0,1,0098,3855.0
0,0,1,23.0,0,0,0099,1301.0
0,0,2,2.0,0,1,0099,0.0
2,1,2,31.0,0,1,0101,0.0
0,0,2,18.0,0,0,0102,921.0
0,0,2,24.0,0,1,0103,17.0
0,1,0,9.0,0,1,0103,0.0
0,1,2,6.0,0,0,0103,0.0
0,0,2,27.0,0,0,0105,703.0
2,0,2,21.0,0,0,0107,1765.0
0,1,2,23.0,0,0,0108,0.0
0,0,2,31.0,0,0,0108,888.0
0,0,2,0.0,0,1,0108,0.0
1,0,2,32.0,0,0,0110,5109.0
1,0,2,40.0,0,0,0110,2018.0
1,0,2,42.0,0,1,0110,15940.0
1,1,2,28.0,0,1,0110,0.0
1,1,2,29.0,0,1,0111,0.0
1,0,0,48.0,1,1,0112,2654.0
0,0,2,64.0,0,1,0113,804.0
0,0,2,27.0,0,0,0114,907.0
2,0,2,26.0,0,1,0115,0.0
1,0,2,33.0,0,1,0116,2640.0
0,0,2,39.0,0,0,0119,9307.0
1,1,2,13.0,0,1,0119,0.0
2,1,2,24.0,0,1,0120,0.0
0,0,2,29.0,0,0,0122,773.0
0,0,2,18.0,0,0,0123,702.0
2,1,2,67.0,0,1,0126,0.0
2,0,2,35.0,0,0,0127,1022.0
2,0,2,61.0,1,0,0128,3014.0
2,0,2,45.0,0,0,0128,2109.0
0,1,1,22.0,0,1,0129,0.0
2,1,2,19.0,0,1,0133,0.0
2,0,2,36.0,0,0,0133,2738.0
0,0,2,19.0,0,1,0134,744.0
0,0,1,47.0,0,0,0136,721.0
0,1,2,13.0,0,1,0138,0.0
0,0,2,34.0,0,0,0138,793.0
1,1,0,35.0,0,1,0139,0.0
0,1,2,24.0,0,1,0140,0.0
0,0,2,26.0,0,0,0140,902.0
2,0,2,31.0,0,0,0141,97.0
0,0,2,20.0,0,1,0144,630.0
0,0,2,56.0,0,0,0146,0.0
0,1,2,50.0,0,1,0147,0.0
2,0,2,42.0,0,0,0148,1158.0
0,1,0,24.0,0,1,0149,0.0
0,1,0,38.0,0,0,0151,0.0
0,0,2,41.0,0,0,0152,607.0
0,0,2,22.0,0,0,0160,4180.0
1,1,2,26.0,0,1,0163,0.0
1,1,2,17.0,0,1,0163,0.0
0,0,2,57.0,0,1,0164,1873.0
0,1,1,17.0,0,0,0164,0.0
2,1,2,35.0,0,1,0165,0.0
2,1,2,13.0,0,1,0167,0.0
2,0,2,27.0,0,0,0167,1572.0
0,1,2,31.0,0,0,0169,0.0
0,0,2,24.0,0,0,0170,788.0
0,1,1,19.0,0,1,0171,0.0
0,1,2,32.0,0,1,0172,0.0
0,0,2,58.0,0,1,0173,990.0
0,0,0,21.0,0,0,0174,593.0
1,0,2,38.0,0,0,0177,27428.0
2,0,2,38.0,0,0,0178,3722.0
0,0,2,19.0,0,1,0179,906.0
0,0,2,0.0,0,0,0179,0.0
0,0,2,3.0,0,1,0179,0.0
0,0,2,20.0,0,0,0181,394.0
1,1,2,24.0,0,1,0182,0.0
0,0,2,37.0,0,1,0183,821.0
0,0,2,25.0,0,0,0186,1018.0
0,1,2,56.0,0,1,0188,0.0
0,0,0,49.0,0,0,0189,788.0
0,1,0,11.0,0,0,0190,0.0
0,1,2,1.0,0,1,0192,0.0
0,0,2,8.0,0,0,0192,0.0
0,0,2,39.0,0,0,0192,908.0
2,1,2,2.0,0,1,0193,0.0
2,0,2,23.0,0,0,0193,1080.0
2,0,2,0.0,0,1,0193,0.0
2,0,2,39.0,0,1,0195,1273.0
2,0,1,25.0,0,0,0196,1778.0
1,0,2,36.0,0,0,0197,2342.0
0,0,1,52.0,0,1,0198,0.0
0,1,2,18.0,0,0,0199,0.0
0,1,2,15.0,0,1,0200,0.0
1,1,2,35.0,0,1,0201,0.0
1,1,2,47.0,0,1,0201,0.0
1,1,0,45.0,0,1,0202,0.0
1,0,0,24.0,0,1,0202,3754.0
1,1,2,51.0,0,1,0203,0.0
0,0,2,29.0,0,0,0205,773.0
1,0,0,24.0,0,1,0206,2981.0
0,1,1,19.0,0,0,0207,0.0
0,1,0,24.0,0,1,0210,0.0
2,0,2,29.0,0,1,0211,1040.0
2,1,2,11.0,0,1,0211,0.0
2,0,2,17.0,0,0,0211,1337.0
0,0,2,13.0,0,0,0212,982.0
0,0,2,35.0,0,0,0212,732.0
0,0,2,21.0,0,0,0213,794.0
0,0,0,21.0,0,0,0216,1974.0
0,0,2,38.0,0,0,0217,1544.0
0,1,2,19.0,0,1,0219,0.0
0,1,2,2.0,0,1,0220,0.0
0,0,2,0.0,0,1,0220,0.0
0,1,2,13.0,0,0,0220,0.0
0,0,2,25.0,0,0,0220,206.0
0,0,2,16.0,0,0,0220,1102.0
0,0,0,1.0,0,0,0220,0.0
0,1,2,15.0,0,1,0220,0.0
2,0,0,21.0,0,0,0221,2356.0
2,0,2,23.0,0,0,0221,1298.0
2,0,2,33.0,0,0,0221,2134.0
2,1,2,21.0,0,1,0221,0.0
2,0,2,41.0,0,0,0221,2597.0
2,0,2,16.0,0,0,0221,1370.0
2,1,2,42.0,0,0,0221,0.0
2,0,2,20.0,0,0,0222,1417.0
2,1,2,24.0,0,1,0222,0.0
2,1,2,16.0,0,1,0222,0.0
0,0,2,21.0,0,0,0223,676.0
2,0,2,32.0,1,0,0224,1820.0
0,1,1,58.0,0,1,0225,0.0
0,0,2,24.0,0,0,0229,803.0
2,0,2,30.0,0,0,0231,1806.0
0,1,1,27.0,0,0,0232,0.0
2,0,2,32.0,0,0,0233,1750.0
0,0,2,43.0,0,0,0234,888.0
1,1,2,42.0,0,1,0237,0.0
2,0,2,37.0,0,0,0239,1048.0
2,1,2,35.0,0,1,0240,0.0
1,0,0,33.0,0,0,0241,7177.0
0,0,2,18.0,0,0,0242,1288.0
0,1,2,21.0,0,0,0243,0.0
2,1,2,43.0,0,1,0244,0.0
2,1,0,14.0,0,1,0244,0.0
1,0,0,46.0,0,1,0245,3578.0
1,0,2,33.0,0,0,0245,12378.0
2,0,2,21.0,0,0,0246,3261.0
1,0,2,33.0,0,0,0248,9684.0
0,1,1,47.0,0,0,0250,0.0
0,1,0,54.0,0,1,0251,0.0
0,0,2,30.0,0,0,0252,1571.0
0,0,2,29.0,0,0,0253,888.0
0,0,2,21.0,0,1,0254,1290.0
1,1,2,24.0,0,1,0255,0.0
2,0,0,21.0,0,0,0257,1664.0
2,1,2,60.0,0,1,0257,0.0
0,0,2,22.0,0,0,0258,704.0
1,0,2,26.0,0,0,0260,7845.0
0,0,2,26.0,0,0,0261,898.0
0,1,2,28.0,0,1,0263,0.0
1,1,2,39.0,0,1,0265,0.0
0,0,2,13.0,0,0,0267,873.0
0,0,0,47.0,0,1,0269,823.0
0,0,2,63.0,0,0,0270,1393.0
1,1,0,24.0,0,1,0275,0.0
0,0,0,50.0,0,1,0277,2487.0
0,0,2,35.0,0,0,0278,888.0
0,0,2,45.0,0,0,0278,444.0
0,0,2,19.0,0,1,0281,2078.0
0,0,2,21.0,0,1,0282,918.0
0,1,1,29.0,0,1,0283,0.0
0,0,2,22.0,0,1,0283,803.0
1,1,2,14.0,0,1,0285,0.0
1,1,0,42.0,0,1,0285,0.0
0,0,0,57.0,0,0,0286,1488.0
1,1,0,39.0,0,1,0287,0.0
1,0,2,28.0,0,0,0287,2085.0
0,0,0,19.0,0,0,0288,828.0
1,1,0,19.0,0,1,0289,0.0
1,0,0,26.0,0,1,0290,5877.0
1,1,2,17.0,0,1,0290,0.0
1,0,2,43.0,0,1,0290,0.0
1,0,0,9.0,0,1,0290,0.0
1,0,2,40.0,0,1,0291,7678.0
1,1,2,50.0,0,1,0294,0.0
0,0,2,24.0,0,1,0297,1433.0
1,1,0,57.0,0,1,0298,0.0
0,1,2,16.0,0,0,0301,0.0
0,0,2,23.0,0,0,0302,1385.0
0,1,2,23.0,0,1,0303,0.0
1,0,2,28.0,0,0,0304,7439.0
1,0,0,23.0,0,0,0305,3073.0
0,0,2,23.0,0,0,0306,904.0
0,0,2,18.0,0,1,0307,1359.0
0,0,2,18.0,0,0,0309,1357.0
1,0,2,67.0,0,0,0310,4947.0
0,0,1,60.0,0,1,0313,552.0
0,1,0,24.0,0,1,0313,0.0
0,0,0,49.0,0,1,0313,649.0
0,0,0,0.0,0,1,0313,0.0
0,0,0,26.0,0,0,0314,1790.0
0,1,1,35.0,0,1,0315,0.0
1,0,2,24.0,0,1,0316,2798.0
1,1,2,20.0,0,1,0316,0.0
0,0,2,18.0,0,0,0320,2.0
0,0,2,21.0,0,0,0320,8.0
0,0,2,59.0,1,0,0321,1227.0
0,1,1,13.0,0,0,0322,0.0
0,1,0,43.0,0,0,0324,0.0
0,1,2,29.0,0,0,0326,0.0
0,0,2,19.0,0,1,0327,803.0
1,0,2,2.0,0,1,0330,0.0
1,0,2,32.0,0,1,0330,5146.0
1,0,2,33.0,0,0,0330,2168.0
0,0,2,25.0,0,0,0331,803.0
2,1,0,29.0,0,1,0333,0.0
2,0,2,29.0,0,0,0334,7404.0
0,0,2,44.0,0,0,0336,712.0
2,1,0,2.0,0,1,0337,0.0
2,0,2,19.0,0,1,0337,2460.0
2,0,0,0.0,0,1,0337,0.0
0,1,2,18.0,0,1,0338,0.0
1,1,0,38.0,0,1,0340,0.0
0,1,1,5.0,0,0,0341,0.0
0,0,1,31.0,0,0,0343,1302.0
2,1,2,30.0,0,0,0345,0.0
0,1,0,15.0,0,1,0346,0.0
2,0,2,27.0,0,0,0347,1868.0
2,0,2,22.0,0,1,0348,3223.0
2,0,2,36.0,0,1,0348,2385.0
0,1,1,14.0,0,1,0350,0.0
2,0,2,23.0,0,0,0352,4976.0
0,1,2,18.0,0,1,0355,0.0
1,1,0,36.0,0,1,0356,0.0
0,0,2,41.0,0,0,0357,1894.0
0,1,2,50.0,0,1,0358,0.0
0,1,1,32.0,0,1,0358,0.0
0,0,1,26.0,0,0,0359,689.0
0,0,2,15.0,0,0,0360,715.0
0,0,0,33.0,0,1,0361,733.0
0,0,0,24.0,0,0,0365,706.0
2,0,2,26.0,0,0,0368,7405.0
2,1,2,61.0,0,1,0368,0.0
0,0,2,24.0,0,1,0369,827.0
0,0,2,30.0,0,0,0370,1559.0
2,1,2,24.0,0,1,0371,0.0
0,0,2,24.0,0,0,0372,2771.0
0,1,2,41.0,0,0,0373,0.0
0,0,2,20.0,0,0,0375,788.0
0,0,2,22.0,0,1,0376,908.0
1,0,0,63.0,0,0,0377,9432.0
1,0,0,18.0,0,0,0378,6065.0
1,1,0,21.0,0,1,0378,0.0
1,0,2,79.0,0,0,0378,10645.0
1,1,2,56.0,0,1,0378,0.0
1,1,2,13.0,0,1,0378,0.0
1,0,2,33.0,0,0,0378,4729.0
1,1,2,32.0,0,1,0378,0.0
0,0,2,31.0,0,1,0379,953.0
1,1,0,26.0,0,1,0380,0.0
1,1,0,18.0,0,1,0381,0.0
1,1,0,38.0,0,1,0381,0.0
0,0,2,23.0,0,0,0382,720.0
0,0,2,28.0,0,0,0383,4688.0
0,1,1,34.0,0,0,0383,0.0
0,0,0,0.0,0,1,0384,0.0
0,0,2,14.0,0,1,0384,909.0
0,0,2,23.0,0,0,0385,888.0
0,1,2,49.0,0,0,0387,0.0
0,1,2,14.0,0,0,0388,0.0
0,0,2,18.0,0,0,0389,791.0
1,0,1,27.0,1,1,0391,6784.0
0,0,2,48.0,0,0,0392,1619.0
1,0,0,31.0,1,0,0395,25400.0
1,0,0,61.0,0,0,0395,4445.0
0,1,2,18.0,0,1,0396,0.0
2,1,2,45.0,0,1,0397,0.0
2,0,2,22.0,0,0,0398,6498.0
2,0,2,30.0,1,0,0401,1056.0
2,0,2,30.0,0,0,0401,1783.0
0,1,0,32.0,1,1,0402,0.0
2,0,2,43.0,1,1,0403,1251.0
0,0,0,17.0,0,0,0405,494.0
0,0,2,23.0,0,0,0407,1720.0
0,0,2,20.0,0,0,0407,693.0
0,1,2,39.0,0,0,0407,0.0
2,0,2,35.0,0,0,0408,1299.0
2,0,2,31.0,0,0,0409,1118.0
0,0,0,21.0,0,0,0410,717.0
0,0,2,16.0,0,0,0411,932.0
1,0,2,60.0,0,1,0412,14744.0
0,0,2,18.0,0,0,0413,569.0
0,1,2,42.0,0,0,0415,0.0
1,1,0,68.0,0,1,0417,0.0
1,0,0,22.0,0,0,0417,7878.0
1,1,2,59.0,0,1,0417,0.0
1,0,2,24.0,0,1,0423,3662.0
2,0,2,37.0,0,0,0425,1157.0
2,1,2,3.0,0,1,0425,0.0
2,1,2,31.0,0,1,0425,0.0
1,0,2,31.0,0,1,0427,8956.0
1,0,2,29.0,0,1,0428,7972.0
1,0,0,20.0,0,1,0429,10345.0
1,1,0,46.0,0,1,0429,0.0
0,0,2,29.0,0,1,0430,1042.0
2,1,2,43.0,0,1,0431,0.0
2,0,2,17.0,0,0,0432,1493.0
1,0,0,27.0,0,1,0433,0.0
1,0,2,47.0,0,0,0433,7513.0
2,1,2,45.0,0,1,0434,0.0
0,1,2,17.0,0,1,0435,0.0
0,0,0,10.0,0,1,0436,0.0
0,0,1,56.0,0,0,0436,679.0
0,0,2,39.0,0,0,0437,871.0
0,0,1,40.0,0,0,0437,873.0
1,1,2,40.0,0,1,0438,0.0
1,0,0,34.0,0,0,0439,7674.0
0,0,0,32.0,0,0,0441,722.0
0,0,2,35.0,0,0,0442,1050.0
2,0,2,32.0,1,0,0444,3015.0
0,0,2,26.0,1,0,0444,2005.0
0,0,2,25.0,0,0,0445,2175.0
0,0,2,26.0,0,0,0445,792.0
1,1,0,22.0,0,1,0446,0.0
0,0,2,22.0,0,1,0447,804.0
0,0,2,24.0,0,0,0448,789.0
0,1,1,32.0,0,1,0448,0.0
0,1,2,11.0,0,1,0449,0.0
2,1,2,22.0,0,1,0452,0.0
1,1,2,19.0,0,1,0453,0.0
1,1,0,34.0,0,1,0453,0.0
1,1,2,74.0,0,1,0453,0.0
1,0,0,28.0,1,1,0454,5043.0
1,1,2,42.0,0,1,0454,0.0
1,1,2,43.0,0,1,0454,0.0
0,0,2,55.0,0,0,0456,715.0
0,0,1,19.0,0,1,0457,773.0
0,1,2,6.0,0,0,0457,0.0
0,0,2,7.0,0,0,0457,0.0
1,1,0,28.0,0,1,0458,0.0
0,0,2,15.0,0,0,0459,2217.0
0,1,1,24.0,0,1,0460,0.0
0,0,1,31.0,0,1,0461,869.0
0,0,2,22.0,0,1,0461,884.0
0,0,0,1.0,0,1,0461,0.0
0,1,2,50.0,0,0,0462,0.0
2,0,2,34.0,0,0,0463,1157.0
2,0,2,14.0,0,0,0463,1861.0
0,0,2,19.0,0,0,0465,1620.0
0,0,2,24.0,0,1,0465,826.0
0,0,2,36.0,0,0,0466,865.0
0,1,2,34.0,0,0,0468,0.0
2,1,0,25.0,0,1,0470,0.0
0,1,2,36.0,0,1,0470,0.0
1,0,2,16.0,0,0,0471,5400.0
1,0,0,30.0,0,1,0471,7976.0
0,0,1,37.0,0,0,0472,862.0
0,1,0,15.0,0,1,0474,0.0
0,0,2,36.0,0,0,0475,990.0
2,0,1,27.0,0,0,0476,295.0
2,1,2,27.0,0,1,0476,0.0
2,1,2,12.0,0,1,0476,0.0
0,0,2,22.0,0,0,0477,1624.0
0,0,2,27.0,0,0,0480,332.0
0,1,2,13.0,0,1,0481,0.0
0,0,2,27.0,0,0,0482,788.0
0,0,2,28.0,0,0,0482,629.0
1,0,0,21.0,0,0,0485,3436.0
1,0,2,39.0,0,0,0487,6527.0
0,1,1,28.0,0,0,0488,0.0
0,1,2,14.0,0,1,0490,0.0
1,1,0,27.0,0,1,0498,0.0
1,1,0,46.0,0,1,0498,0.0
2,1,0,27.0,0,1,0499,0.0
2,0,2,21.0,0,0,0499,0.0
2,0,0,21.0,0,1,0500,2344.0
1,0,2,42.0,0,0,0501,2377.0
2,0,2,22.0,0,0,0502,1298.0
2,0,2,10.0,0,1,0503,0.0
2,0,2,43.0,0,0,0503,1897.0
2,0,2,42.0,0,0,0503,1297.0
1,1,0,18.0,0,1,0504,0.0
1,1,0,54.0,0,1,0504,0.0
1,1,2,24.0,0,1,0504,0.0
1,0,2,64.0,0,0,0504,2901.0
1,1,0,18.0,0,1,0504,0.0
0,1,0,53.0,0,1,0504,0.0
2,1,2,23.0,0,1,0506,0.0
0,0,2,39.0,0,1,0507,0.0
1,0,2,59.0,0,1,0510,16844.0
1,0,0,32.0,0,1,0512,5936.0
1,1,2,55.0,0,1,0512,0.0
0,1,1,21.0,0,1,0513,0.0
1,1,2,50.0,0,1,0515,0.0
1,0,0,55.0,0,0,0516,5022.0
0,0,2,24.0,0,0,0517,1521.0
0,1,2,35.0,0,1,0518,0.0
0,1,2,24.0,0,1,0519,0.0
0,0,2,55.0,0,0,0520,62.0
0,0,2,23.0,0,1,0521,302.0
0,0,2,42.0,0,0,0522,906.0
0,0,2,35.0,0,1,0523,2505.0
0,1,2,47.0,0,1,0525,0.0
2,0,0,24.0,0,0,0527,1190.0
2,1,2,34.0,0,1,0527,0.0
1,0,2,46.0,0,0,0528,11141.0
0,1,1,26.0,0,0,0529,0.0
0,1,0,1.0,0,0,0531,0.0
0,1,0,24.0,0,1,0531,0.0
2,0,2,33.0,0,0,0533,961.0
1,0,2,34.0,0,0,0534,8476.0
1,0,2,49.0,0,0,0534,5863.0
0,0,2,22.0,0,0,0537,677.0
0,0,2,28.0,0,1,0538,1078.0
1,1,2,24.0,0,1,0539,0.0
1,1,0,36.0,0,1,0539,0.0
0,1,0,30.0,0,1,0539,0.0
1,1,2,49.0,0,1,0539,0.0
1,0,2,38.0,0,0,0539,7268.0
2,1,2,31.0,0,1,0540,0.0
0,0,2,17.0,0,0,0540,1532.0
0,0,2,26.0,0,0,0542,887.0
0,0,2,23.0,0,0,0545,740.0
0,0,0,24.0,0,0,0546,2459.0
0,0,2,23.0,0,0,0547,865.0
0,0,2,24.0,0,1,0548,791.0
2,0,1,32.0,0,1,0549,919.0
2,1,2,43.0,0,1,0549,0.0
0,0,2,23.0,0,1,0550,787.0
0,0,2,42.0,0,0,0551,849.0
1,1,0,29.0,0,1,0552,0.0
1,1,2,40.0,0,1,0553,0.0
1,0,2,37.0,0,1,0553,7270.0
1,1,0,61.0,0,1,0555,0.0
1,0,2,33.0,0,0,0555,2691.0
0,0,2,19.0,0,1,0556,1448.0
0,0,1,21.0,0,0,0559,671.0
0,0,2,4.0,0,0,0560,0.0
0,0,1,12.0,0,1,0560,0.0
0,0,2,44.0,0,1,0560,1839.0
0,0,2,22.0,0,0,0561,774.0
2,0,0,33.0,0,0,0563,1905.0
1,1,0,32.0,0,1,0564,0.0
1,1,2,28.0,0,1,0564,0.0
1,0,2,28.0,0,0,0564,5461.0
2,0,2,31.0,0,0,0565,1309.0
2,1,2,13.0,0,1,0566,0.0
0,1,2,14.0,0,1,0567,0.0
1,0,2,33.0,0,0,0568,1946.0
1,1,0,24.0,0,1,0568,0.0
0,0,2,23.0,0,1,0569,644.0
1,0,2,36.0,1,1,0570,6634.0
1,1,0,22.0,0,1,0571,0.0
1,1,2,19.0,0,0,0571,0.0
1,1,2,42.0,0,1,0571,0.0
1,1,2,30.0,0,1,0571,0.0
1,1,0,16.0,0,1,0571,0.0
1,0,2,55.0,0,0,0571,4924.0
1,1,2,55.0,0,1,0571,0.0
0,0,2,19.0,0,0,0572,2786.0
0,0,2,24.0,0,0,0573,902.0
1,1,2,18.0,0,1,0575,0.0
0,0,2,21.0,0,0,0576,735.0
0,0,2,65.0,0,0,0577,626.0
0,0,2,55.0,0,1,0579,880.0
0,0,2,50.0,0,0,0579,233.0
0,1,2,49.0,0,1,0580,0.0
0,0,2,22.0,0,0,0581,788.0
2,1,2,33.0,0,1,0582,0.0
2,1,2,3.0,0,1,0583,0.0
2,1,2,0.0,0,1,0583,0.0
2,1,2,33.0,0,1,0583,0.0
2,1,2,48.0,0,1,0585,0.0
2,1,2,5.0,0,1,0585,0.0
2,0,2,23.0,0,0,0585,3740.0
1,1,2,53.0,0,1,0586,0.0
2,0,2,18.0,0,0,0587,1688.0
0,1,1,20.0,0,0,0588,0.0
0,0,2,23.0,0,0,0589,787.0
0,0,2,48.0,0,0,0590,1777.0
0,1,1,19.0,0,0,0591,0.0
2,0,2,24.0,0,0,0593,2383.0
0,0,0,9.0,0,0,0594,0.0
0,0,2,24.0,0,0,0594,787.0
2,0,2,46.0,0,1,0596,2598.0
0,1,2,23.0,0,1,0597,0.0
0,1,2,21.0,0,0,0597,0.0
0,1,2,19.0,0,0,0598,0.0
2,0,2,0.0,0,1,0599,0.0
2,0,2,4.0,0,1,0599,0.0
2,0,2,26.0,0,0,0599,1428.0
2,1,2,9.0,0,1,0599,0.0
1,0,2,24.0,0,1,0600,5013.0
2,1,2,24.0,0,1,0602,0.0
2,0,2,25.0,0,0,0602,0.0
2,1,2,21.0,0,1,0602,0.0
0,0,2,21.0,0,0,0603,759.0
1,0,2,37.0,0,0,0607,11140.0
1,0,0,44.0,0,0,0607,4458.0
1,0,2,43.0,0,0,0607,3085.0
0,0,2,7.0,0,1,0608,0.0
2,0,2,33.0,0,0,0609,258.0
0,0,2,24.0,0,0,0610,736.0
0,1,1,31.0,0,1,0611,0.0
1,1,2,27.0,1,1,0612,0.0
0,0,2,34.0,0,1,0614,0.0
0,1,2,58.0,0,0,0615,0.0
0,0,2,7.0,0,1,0615,0.0
0,1,0,3.0,0,1,0615,0.0
0,0,0,21.0,0,1,0618,957.0
0,0,1,21.0,0,0,0618,757.0
1,1,2,39.0,0,1,0619,0.0
1,1,0,43.0,0,1,0619,0.0
0,1,2,22.0,0,1,0623,0.0
0,0,2,44.0,0,1,0628,1319.0
0,0,2,38.0,0,0,0629,1018.0
2,1,2,32.0,0,1,0630,0.0
2,1,2,55.0,0,1,0631,0.0
2,0,1,31.0,1,0,0633,779.0
0,0,2,39.0,0,0,0634,2019.0
0,0,2,35.0,0,1,0635,1778.0
0,0,2,37.0,0,0,0635,994.0
0,0,0,13.0,0,0,0636,705.0
0,0,2,21.0,0,0,0636,682.0
2,0,2,20.0,0,0,0637,0.0
1,1,0,20.0,0,1,0638,0.0
0,0,2,63.0,0,1,0639,1104.0
0,0,2,36.0,0,0,0641,1979.0
1,0,0,29.0,0,1,0642,4434.0
1,0,0,36.0,0,1,0642,7141.0
1,0,2,79.0,0,0,0642,2212.0
1,1,0,30.0,0,1,0642,0.0
1,1,0,30.0,0,1,0642,0.0
2,0,2,19.0,0,1,0643,1426.0
1,1,2,33.0,0,1,0644,0.0
0,0,2,20.0,0,0,0645,1725.0
1,1,0,38.0,0,1,0646,0.0
2,1,2,7.0,0,1,0647,0.0
2,1,2,58.0,0,1,0647,0.0
2,0,2,33.0,0,0,0647,1192.0
0,1,1,3.0,0,1,0650,0.0
2,0,2,39.0,0,1,0653,0.0
2,0,2,37.0,0,1,0655,947.0
0,0,2,32.0,0,0,0656,771.0
0,0,2,28.0,0,1,0657,880.0
0,0,2,38.0,0,0,0657,884.0
0,0,1,21.0,0,0,0658,597.0
0,1,2,18.0,0,1,0659,0.0
0,1,2,15.0,0,0,0660,0.0
1,0,2,44.0,0,0,0661,4588.0
0,0,2,44.0,0,1,0663,715.0
1,0,2,36.0,0,0,0664,10196.0
0,0,2,28.0,0,1,0665,7104.0
2,0,2,15.0,0,0,0665,1289.0
0,0,2,45.0,0,0,0668,1583.0
0,0,2,26.0,0,0,0669,944.0
0,1,1,46.0,0,1,0671,0.0
0,0,2,25.0,0,0,0672,786.0
0,1,1,46.0,0,0,0674,0.0
0,1,2,15.0,0,0,0677,0.0
0,1,2,37.0,0,0,0678,0.0
0,0,2,20.0,0,0,0679,756.0
0,1,1,45.0,0,0,0680,0.0
0,1,2,7.0,0,0,0680,0.0
0,1,2,5.0,0,0,0680,0.0
2,1,2,38.0,0,1,0682,0.0
2,0,2,30.0,0,0,0683,617.0
2,0,2,24.0,0,1,0684,0.0
2,0,2,0.0,0,1,0684,0.0
2,1,2,20.0,0,1,0684,0.0
0,0,2,41.0,0,0,0685,997.0
2,1,2,18.0,0,1,0686,0.0
2,0,2,29.0,1,0,0686,3899.0
2,0,2,19.0,0,0,0687,3319.0
2,0,2,34.0,0,0,0688,2114.0
1,1,2,36.0,0,1,0689,0.0
2,1,2,54.0,0,1,0690,0.0
2,0,2,19.0,0,0,0691,947.0
2,0,2,21.0,0,0,0691,2457.0
2,1,2,23.0,0,1,0691,0.0
1,1,0,35.0,0,1,0693,0.0
1,0,2,34.0,0,0,0693,7869.0
0,0,2,22.0,0,1,0696,881.0
0,0,0,24.0,0,1,0697,722.0
2,1,2,18.0,0,1,0699,0.0
2,0,0,24.0,0,0,0699,3012.0
1,1,2,33.0,0,1,0701,0.0
0,0,2,24.0,0,0,0702,803.0
0,1,2,18.0,0,1,0703,0.0
0,1,2,19.0,0,1,0704,0.0
0,0,0,43.0,0,1,0705,722.0
0,1,2,44.0,0,1,0707,0.0
1,0,0,25.0,0,1,0709,5416.0
1,1,0,25.0,0,1,0709,0.0
1,1,0,23.0,0,1,0709,0.0
2,0,2,23.0,0,0,0710,2075.0
2,0,2,20.0,0,0,0712,1759.0
2,0,2,2.0,0,1,0712,0.0
0,0,2,26.0,0,0,0713,1609.0
0,1,1,38.0,0,1,0714,0.0
0,0,2,1.0,0,0,0714,0.0
0,0,2,12.0,0,1,0714,0.0
0,1,1,2.0,0,0,0714,0.0
0,1,1,25.0,0,0,0714,0.0
0,1,0,1.0,0,1,0714,0.0
0,1,0,0.0,0,1,0714,0.0
1,0,0,54.0,0,1,0715,0.0
0,0,2,21.0,0,0,0718,787.0
2,0,2,19.0,0,0,0719,0.0
0,0,1,24.0,0,0,0724,2773.0
0,1,2,20.0,0,0,0726,0.0
0,0,2,23.0,0,1,0727,646.0
0,0,0,29.0,0,1,0728,1382.0
0,0,2,14.0,0,1,0729,788.0
0,0,2,19.0,0,0,0732,716.0
0,0,0,23.0,0,0,0733,691.0
0,0,2,62.0,0,0,0734,1553.0
0,0,2,23.0,0,0,0736,672.0
1,0,0,65.0,0,0,0737,873.0
2,0,2,47.0,0,1,0738,0.0
1,0,0,67.0,0,0,0740,3505.0
1,1,0,14.0,0,1,0740,0.0
1,0,2,41.0,0,0,0740,7077.0
0,1,2,14.0,0,1,0743,0.0
0,1,2,19.0,0,0,0746,0.0
0,0,0,22.0,0,0,0750,691.0
1,1,2,34.0,0,1,0753,0.0
1,0,0,65.0,0,0,0753,4565.0
1,1,0,42.0,0,1,0753,0.0
1,1,0,22.0,0,1,0754,0.0
1,1,0,54.0,0,1,0756,0.0
1,0,2,34.0,0,0,0756,4636.0
1,1,2,27.0,0,1,0756,0.0
2,0,0,67.0,0,0,0757,1179.0
1,0,2,33.0,0,1,0761,3994.0
0,1,1,30.0,0,0,0762,0.0
0,0,2,22.0,0,0,0764,0.0
2,0,1,35.0,0,1,0765,1315.0
2,0,2,23.0,0,0,0765,876.0
0,0,2,49.0,0,0,0767,887.0
1,0,0,36.0,0,0,0768,29608.0
1,1,2,31.0,0,1,0768,0.0
1,1,0,54.0,0,1,0769,0.0
0,1,2,0.0,0,0,0770,0.0
0,0,2,24.0,0,0,0770,885.0
0,0,2,54.0,0,0,0770,0.0
0,1,1,10.0,0,0,0770,0.0
0,0,0,0.0,0,1,0770,0.0
0,1,1,7.0,0,1,0770,0.0
0,1,2,25.0,0,0,0771,0.0
1,0,0,37.0,0,0,0772,6176.0
1,1,0,15.0,0,1,0772,0.0
0,1,2,26.0,0,1,0772,0.0
1,0,0,7.0,0,1,0772,0.0
0,0,2,30.0,0,0,0773,737.0
0,0,2,19.0,0,1,0776,1419.0
1,0,2,30.0,0,0,0777,4022.0
0,0,2,21.0,0,0,0779,575.0
0,0,1,21.0,0,0,0781,517.0
2,1,2,59.0,0,1,0782,0.0
1,1,0,28.0,0,1,0784,0.0
0,0,2,32.0,0,0,0785,716.0
0,1,2,19.0,0,1,0786,0.0
0,1,2,7.0,0,0,0787,0.0
0,0,0,16.0,0,0,0788,797.0
1,0,2,31.0,1,0,0789,2689.0
1,0,2,30.0,0,0,0789,4598.0
1,1,2,26.0,0,1,0789,0.0
0,1,1,20.0,0,1,0790,0.0
0,1,1,24.0,0,0,0791,0.0
0,0,1,39.0,0,0,0793,773.0
2,0,0,19.0,0,1,0794,0.0
2,1,0,27.0,0,1,0794,0.0
0,0,2,34.0,0,0,0795,874.0
1,1,0,28.0,0,1,0796,0.0
0,0,2,29.0,0,0,0797,645.0
2,1,1,38.0,0,1,0798,0.0
1,0,0,24.0,0,0,0799,5061.0
2,1,2,1.0,0,1,0802,0.0
1,0,0,36.0,1,1,0805,15302.0
0,0,2,31.0,0,0,0806,1386.0
0,0,2,1.0,0,1,0806,0.0
0,0,2,31.0,0,0,0808,980.0
2,0,2,10.0,0,1,0809,0.0
2,0,2,24.0,0,0,0809,1270.0
2,0,2,42.0,0,0,0809,1191.0
2,0,2,0.0,0,1,0809,0.0
2,0,1,41.0,0,0,0811,2042.0
2,1,2,0.0,0,1,0811,0.0
2,0,2,0.0,0,1,0811,0.0
2,1,2,59.0,0,1,0813,0.0
0,0,2,13.0,0,0,0815,33.0
1,0,0,24.0,0,0,0816,5336.0
0,1,2,20.0,0,0,0817,0.0
1,0,2,71.0,1,1,0818,0.0
0,1,1,23.0,0,1,0819,0.0
0,0,0,15.0,0,1,0820,776.0
0,0,2,18.0,0,0,0820,751.0
0,0,2,19.0,0,1,0822,732.0
0,1,0,4.0,0,1,0823,0.0
0,0,0,42.0,0,1,0823,739.0
2,0,2,51.0,0,0,0824,1213.0
0,1,2,13.0,0,1,0825,0.0
0,0,2,27.0,0,1,0826,827.0
0,0,2,42.0,0,0,0828,867.0
0,0,2,41.0,0,1,0828,359.0
0,0,1,21.0,0,1,0829,2712.0
0,0,2,31.0,0,1,0830,814.0
1,1,0,36.0,0,1,0833,0.0
0,0,2,31.0,0,0,0834,865.0
0,0,0,14.0,0,0,0835,676.0
2,0,1,32.0,1,0,0836,1266.0
1,0,2,32.0,0,0,0839,5331.0
0,0,2,27.0,0,0,0840,1776.0
1,0,0,57.0,0,0,0845,7173.0
0,1,2,13.0,0,0,0846,0.0
2,1,2,30.0,0,1,0848,0.0
2,1,2,14.0,0,1,0848,0.0
1,0,2,27.0,0,1,0849,0.0
1,1,0,32.0,0,1,0849,0.0
2,1,2,54.0,0,1,0850,0.0
0,0,0,23.0,0,0,0851,627.0
0,1,0,38.0,0,1,0853,0.0
0,1,2,32.0,0,1,0859,0.0
0,0,2,24.0,0,0,0860,788.0
0,1,2,36.0,0,0,0863,0.0
0,0,2,11.0,0,0,0863,0.0
0,1,2,6.0,0,0,0863,0.0
1,1,0,36.0,0,1,0865,0.0
1,1,0,22.0,0,1,0865,0.0
0,0,2,24.0,0,0,0867,872.0
0,1,2,37.0,0,1,0868,0.0
0,0,2,55.0,0,0,0869,724.0
0,0,1,24.0,0,0,0870,677.0
1,0,2,20.0,0,1,0871,5033.0
0,0,2,16.0,0,0,0873,2653.0
0,0,2,19.0,0,0,0874,702.0
0,0,2,38.0,0,0,0875,0.0
0,0,2,35.0,0,0,0876,747.0
1,1,0,33.0,0,1,0877,0.0
2,0,1,37.0,1,0,0878,831.0
0,0,2,46.0,0,0,0879,788.0
1,0,2,41.0,0,0,0881,3163.0
0,0,2,13.0,0,0,0883,908.0
0,1,2,31.0,0,0,0885,0.0
0,1,0,52.0,0,1,0885,0.0
1,0,2,48.0,0,0,0889,0.0
1,0,0,27.0,0,1,0889,12867.0
2,0,2,16.0,0,0,0890,519.0
0,1,0,32.0,0,1,0893,0.0
0,1,2,25.0,0,0,0898,0.0
0,0,2,26.0,0,1,0899,717.0
0,1,2,44.0,0,0,0899,0.0
2,0,2,32.0,0,1,0901,2599.0
0,0,2,18.0,0,1,0902,737.0
0,1,0,23.0,0,0,0903,0.0
1,0,2,44.0,0,0,0904,3983.0
2,0,1,29.0,0,0,0905,879.0
0,0,0,19.0,0,1,0906,857.0
1,0,0,41.0,0,0,0907,14811.0
1,0,2,28.0,0,0,0907,2515.0
0,1,2,19.0,0,1,0910,0.0
2,0,2,32.0,1,0,0911,2632.0
0,0,2,74.0,0,1,0911,1427.0
1,0,2,31.0,0,1,0912,8280.0
1,0,0,38.0,0,0,0913,6113.0
0,0,2,20.0,0,0,0915,704.0
0,0,2,24.0,0,0,0918,1602.0
0,0,1,26.0,0,0,0919,1370.0
0,1,1,44.0,0,0,0921,0.0
1,1,0,33.0,0,1,0922,0.0
1,0,0,31.0,0,0,0922,2490.0
1,0,0,24.0,0,1,0923,10235.0
1,1,2,22.0,0,1,0923,0.0
0,0,2,33.0,0,0,0924,997.0
2,0,2,34.0,0,0,0925,2005.0
2,1,2,11.0,0,1,0925,0.0
2,1,2,41.0,0,1,0925,0.0
1,0,0,30.0,0,1,0926,8524.0
1,0,2,30.0,0,0,0926,3836.0
0,0,2,25.0,0,0,0927,764.0
0,1,1,31.0,0,1,0928,0.0
0,0,2,38.0,0,0,0930,1041.0
0,1,2,15.0,0,1,0930,0.0
0,0,2,19.0,0,1,0931,732.0
2,1,2,29.0,0,1,0932,0.0
1,0,2,30.0,0,1,0933,14180.0
1,0,2,29.0,0,0,0933,4064.0
0,0,2,36.0,0,0,0935,901.0
0,0,2,24.0,0,0,0938,804.0
0,0,2,30.0,0,1,0938,871.0
0,0,2,0.0,0,1,0938,0.0
0,1,2,15.0,0,1,0939,0.0
0,0,2,38.0,0,1,0940,809.0
0,0,2,13.0,0,0,0941,1182.0
2,0,2,18.0,0,0,0942,1149.0
0,0,2,16.0,0,0,0944,1722.0
0,0,0,8.0,0,0,0944,0.0
0,0,2,19.0,0,1,0946,607.0
0,0,0,26.0,0,0,0947,675.0
0,1,0,15.0,0,1,0949,0.0
0,1,1,38.0,0,1,0951,0.0
2,0,2,45.0,0,0,0952,2260.0
0,0,1,48.0,0,0,0953,668.0
0,1,0,17.0,0,0,0955,0.0
0,0,2,28.0,0,1,0956,636.0
2,1,2,41.0,0,1,0957,0.0
0,0,2,19.0,0,0,0960,791.0
0,0,0,14.0,0,1,0961,893.0
1,1,2,21.0,0,1,0964,0.0
1,1,2,48.0,0,1,0964,0.0
2,0,2,19.0,0,0,0965,1769.0
0,0,2,29.0,0,0,0966,1544.0
0,0,2,20.0,0,0,0968,792.0
2,1,2,44.0,0,1,0969,0.0
0,1,2,19.0,0,1,0970,0.0
0,1,2,64.0,0,0,0971,0.0
0,0,2,21.0,0,0,0972,1669.0
0,0,0,32.0,0,1,0975,826.0
0,1,2,20.0,0,0,0976,0.0
0,0,2,24.0,0,0,0978,40.0
1,0,2,44.0,0,1,0979,0.0
0,1,1,57.0,0,1,0982,0.0
0,0,2,51.0,0,0,0982,4.0
0,1,0,34.0,0,1,0983,0.0
0,0,2,45.0,0,0,0984,887.0
0,0,2,24.0,0,0,0984,718.0
0,0,2,23.0,0,0,0984,809.0
0,1,2,30.0,0,1,0984,0.0
0,0,0,20.0,0,0,0984,1235.0
0,1,2,22.0,0,1,0984,0.0
0,1,1,24.0,0,0,0984,0.0
0,1,2,71.0,0,1,0984,0.0
0,0,0,18.0,0,1,0985,722.0
0,0,2,16.0,0,0,0987,666.0
0,0,2,28.0,0,0,0988,909.0
0,0,2,36.0,0,1,0988,989.0
0,0,2,6.0,0,0,0989,0.0
0,0,1,26.0,0,0,0990,687.0
0,1,2,27.0,0,0,0991,0.0
1,0,2,49.0,0,1,0992,3077.0
1,0,2,29.0,0,0,0992,12597.0
1,0,0,46.0,0,1,0992,2966.0
1,0,0,35.0,1,0,0992,9766.0
1,1,0,17.0,0,1,0992,0.0
1,0,0,37.0,0,0,0992,6931.0
0,0,0,24.0,0,0,0993,701.0
0,1,2,47.0,0,0,0994,0.0
0,0,2,26.0,0,0,0994,866.0
1,1,0,46.0,0,1,0995,0.0
2,0,2,27.0,0,0,0997,1157.0
1,0,2,56.0,0,1,0998,7735.0
2,0,2,18.0,0,0,1000,917.0
0,1,2,15.0,0,0,1001,0.0
2,0,0,3.0,0,1,1002,0.0
2,0,2,42.0,0,0,1002,1768.0
2,1,2,1.0,0,1,1002,0.0
1,1,0,56.0,0,1,1004,0.0
0,0,2,20.0,0,0,1005,786.0
0,0,2,21.0,0,0,1006,791.0
0,1,2,5.0,0,1,1006,0.0
0,0,2,12.0,0,1,1006,0.0
1,1,0,39.0,0,1,1008,0.0
1,1,2,60.0,0,1,1008,0.0
0,0,2,31.0,0,0,1011,1692.0
0,1,2,58.0,0,0,1011,0.0
0,1,2,19.0,0,1,1012,0.0
0,1,2,29.0,0,0,1013,0.0
2,1,2,19.0,0,1,1014,0.0
0,0,2,44.0,0,0,1015,952.0
0,0,2,20.0,0,0,1017,1262.0
0,1,2,18.0,0,1,1018,0.0
0,0,2,36.0,0,1,1019,1412.0
2,1,2,25.0,0,1,1020,0.0
0,0,2,15.0,0,0,1022,1008.0
0,0,0,18.0,0,0,1024,1476.0
0,1,2,0.0,0,1,1024,0.0
0,0,0,54.0,0,0,1024,808.0
0,0,0,0.0,0,0,1024,0.0
0,0,2,20.0,0,0,1025,1067.0
0,1,2,21.0,0,0,1026,0.0
2,0,2,8.0,0,1,1027,0.0
2,0,2,46.0,0,0,1027,1573.0
2,0,2,31.0,0,0,1027,519.0
2,0,0,3.0,0,1,1027,0.0
2,1,2,30.0,0,1,1029,0.0
0,0,2,23.0,0,0,1030,1088.0
0,0,2,14.0,0,0,1031,947.0
0,1,1,25.0,0,0,1032,0.0
0,1,2,61.0,0,1,1033,0.0
0,0,2,31.0,0,0,1034,888.0
2,0,0,13.0,0,1,1035,2016.0
0,1,1,24.0,0,1,1036,0.0
0,0,2,47.0,0,0,1038,889.0
0,0,1,15.0,0,1,1040,750.0
1,1,2,46.0,0,1,1041,0.0
0,0,2,49.0,0,0,1043,2486.0
1,0,2,37.0,0,0,1045,0.0
1,0,2,44.0,0,0,1045,14067.0
0,0,2,16.0,0,0,1046,507.0
0,1,2,58.0,0,1,1047,0.0
0,0,2,20.0,0,1,1048,1152.0
2,1,0,36.0,0,1,1049,0.0
2,1,2,31.0,0,1,1049,0.0
0,0,2,21.0,0,0,1051,604.0
0,0,0,22.0,0,0,1052,21.0
0,0,1,27.0,0,0,1053,558.0
0,0,2,58.0,0,1,1054,924.0
0,1,2,38.0,0,1,1056,0.0
2,1,0,30.0,0,1,1056,0.0
1,1,0,20.0,0,1,1057,0.0
0,0,2,19.0,0,0,1058,757.0
0,0,2,57.0,0,0,1060,887.0
0,0,2,26.0,0,0,1062,970.0
0,0,2,38.0,0,1,1063,4931.0
1,1,2,15.0,0,1,1063,0.0
2,1,2,24.0,0,1,1065,0.0
2,1,2,35.0,0,1,1066,0.0
0,1,1,38.0,0,0,1068,0.0
0,0,2,35.0,0,0,1071,1817.0
1,1,2,14.0,0,1,1075,0.0
1,1,2,27.0,0,1,1075,0.0
0,1,2,25.0,0,0,1076,0.0
0,0,2,37.0,0,0,1077,851.0
0,0,0,25.0,0,0,1078,788.0
0,0,0,41.0,0,0,1079,771.0
2,0,2,50.0,0,0,1080,1310.0
2,0,2,33.0,0,0,1082,1318.0
2,1,2,27.0,0,1,1083,0.0
2,1,2,23.0,0,1,1083,0.0
2,0,2,18.0,0,1,1083,1414.0
0,0,2,31.0,0,0,1084,860.0
0,0,2,54.0,0,0,1085,0.0
0,1,2,0.0,0,1,1086,0.0
0,0,2,11.0,0,0,1086,0.0
0,1,2,4.0,0,0,1086,0.0
0,0,2,19.0,0,1,1086,641.0
0,0,2,7.0,0,1,1086,0.0
0,1,1,20.0,0,0,1088,0.0
0,1,0,33.0,0,1,1089,0.0
1,0,2,26.0,0,0,1089,2037.0
2,1,2,35.0,0,1,1091,0.0
2,0,2,23.0,0,1,1093,2131.0
0,0,2,60.0,0,0,1094,804.0
1,1,2,34.0,0,1,1095,0.0
0,0,2,24.0,0,0,1096,721.0
2,1,2,42.0,0,1,1097,0.0
0,0,1,22.0,0,0,1099,720.0
2,0,2,18.0,0,0,1100,1388.0
2,0,2,5.0,0,1,1100,0.0
2,0,2,18.0,0,0,1100,2603.0
2,0,2,29.0,0,0,1100,1028.0
2,0,1,39.0,0,0,1102,1615.0
0,0,2,17.0,0,0,1105,876.0
2,0,2,58.0,0,0,1108,1157.0
2,1,2,5.0,0,1,1108,0.0
1,0,2,23.0,0,0,1110,7595.0
1,0,0,26.0,0,1,1110,6903.0
1,0,0,40.0,0,1,1112,10358.0
0,0,2,20.0,0,1,1113,719.0
2,0,2,38.0,1,0,1114,1299.0
2,0,2,31.0,0,0,1114,0.0
0,1,2,34.0,0,1,1115,0.0
0,0,2,9.0,0,1,1116,0.0
0,0,2,36.0,0,1,1116,3109.0
0,1,2,26.0,0,1,1116,0.0
0,0,2,18.0,0,0,1117,906.0
0,0,1,55.0,0,1,1121,887.0
1,0,2,28.0,0,0,1123,9547.0
1,1,0,18.0,0,1,1127,0.0
0,0,2,28.0,0,0,1129,792.0
2,1,2,23.0,0,0,1130,0.0
2,0,0,20.0,0,1,1130,3724.0
0,1,2,22.0,0,0,1132,0.0
2,0,2,27.0,0,1,1133,0.0
1,1,0,13.0,0,1,1134,0.0
0,0,2,32.0,0,1,1136,1822.0
1,0,2,53.0,0,1,1140,2534.0
1,1,2,34.0,0,1,1140,0.0
1,1,0,42.0,0,1,1140,0.0
0,1,2,19.0,0,1,1141,0.0
0,0,2,54.0,0,1,1142,908.0
0,0,2,12.0,0,1,1144,0.0
0,0,2,35.0,0,0,1144,1396.0
0,0,2,55.0,0,0,1144,512.0
0,0,0,26.0,0,0,1146,2111.0
1,1,2,49.0,0,1,1147,0.0
1,1,0,22.0,0,1,1148,0.0
1,0,0,24.0,0,0,1148,10841.0
1,0,2,30.0,0,0,1148,7166.0
1,0,0,39.0,0,1,1148,5393.0
1,1,2,14.0,0,1,1148,0.0
1,1,2,29.0,0,1,1148,0.0
1,0,0,34.0,0,0,1148,5022.0
0,0,0,8.0,0,1,1149,0.0
0,0,2,7.0,0,0,1149,0.0
0,1,2,3.0,0,0,1149,0.0
0,0,2,0.0,0,0,1149,0.0
0,0,0,10.0,0,0,1149,0.0
0,1,0,16.0,0,0,1150,0.0
2,0,2,41.0,0,0,1152,1128.0
0,1,2,18.0,0,1,1153,0.0
1,1,2,25.0,0,1,1154,0.0
1,1,2,32.0,0,1,1154,0.0
1,1,0,26.0,0,1,1154,0.0
0,0,2,26.0,0,0,1155,946.0
0,1,2,18.0,0,1,1155,0.0
1,0,2,27.0,0,0,1156,6128.0
1,1,2,26.0,0,1,1156,0.0
1,0,0,28.0,0,1,1161,11906.0
1,0,0,19.0,0,0,1161,18117.0
1,0,2,31.0,0,1,1162,2644.0
0,0,0,35.0,0,1,1163,1340.0
1,0,0,46.0,0,0,1165,9820.0
1,0,2,37.0,0,0,1165,1241.0
1,1,2,29.0,0,1,1165,0.0
1,1,2,17.0,0,1,1165,0.0
1,0,0,30.0,0,0,1166,6411.0
2,1,2,28.0,0,1,1167,0.0
0,0,2,16.0,0,0,1168,791.0
2,0,2,40.0,0,0,1169,2366.0
0,0,2,23.0,0,0,1170,791.0
0,0,1,24.0,0,1,1173,700.0
0,1,2,36.0,0,1,1174,0.0
2,1,2,34.0,0,1,1175,0.0
1,1,2,59.0,0,1,1177,0.0
0,0,2,20.0,0,0,1178,600.0
1,1,2,15.0,0,1,1179,0.0
0,0,2,19.0,0,0,1180,961.0
2,1,0,64.0,0,1,1182,0.0
2,0,2,24.0,0,1,1182,3007.0
2,0,2,23.0,0,1,1182,1416.0
2,0,2,30.0,0,0,1185,679.0
0,0,2,0.0,0,1,1186,0.0
0,0,2,8.0,0,0,1186,0.0
0,1,2,1.0,0,0,1186,0.0
0,0,2,48.0,0,1,1186,800.0
0,0,2,12.0,0,0,1186,0.0
0,0,2,30.0,0,0,1187,803.0
0,0,2,10.0,0,0,1187,0.0
0,0,2,11.0,0,0,1187,0.0
1,0,2,58.0,0,0,1188,7518.0
0,0,2,52.0,0,1,1190,786.0
0,0,2,36.0,0,0,1191,1583.0
0,0,2,32.0,0,0,1192,1457.0
1,1,2,16.0,0,1,1193,0.0
1,1,0,25.0,0,1,1193,0.0
0,0,0,28.0,0,1,1195,560.0
1,0,0,32.0,1,0,1197,5547.0
2,0,2,28.0,0,1,1198,1158.0
0,0,2,16.0,0,0,1199,987.0
1,0,0,50.0,1,0,1203,12557.0
0,0,2,20.0,0,0,1206,946.0
0,0,2,23.0,0,0,1208,236.0
0,1,2,45.0,0,1,1210,0.0
0,0,2,23.0,0,0,1210,908.0
0,1,1,53.0,0,0,1211,0.0
0,1,2,8.0,0,0,1211,0.0
0,1,2,6.0,0,1,1211,0.0
0,1,2,3.0,0,0,1211,0.0
0,0,0,13.0,0,1,1211,1144.0
0,1,2,60.0,0,0,1211,0.0
0,0,0,1.0,0,1,1211,0.0
0,0,2,40.0,0,0,1212,756.0
0,0,2,51.0,0,1,1213,804.0
0,1,0,31.0,0,1,1214,0.0
0,1,2,28.0,0,1,1215,0.0
0,0,2,20.0,0,1,1216,970.0
0,0,2,14.0,0,0,1218,2150.0
1,0,2,23.0,0,0,1220,1747.0
0,0,2,4.0,0,0,1221,0.0
0,0,2,20.0,0,0,1221,1609.0
0,0,2,75.0,0,0,1222,756.0
1,1,0,24.0,0,1,1223,0.0
0,0,2,18.0,0,1,1225,1402.0
2,1,2,21.0,0,1,1228,0.0
2,0,2,59.0,0,1,1228,1049.0
0,0,2,27.0,0,1,1229,898.0
0,0,2,38.0,0,0,1230,908.0
2,1,2,41.0,0,0,1231,0.0
1,1,2,36.0,0,1,1232,0.0
1,0,0,29.0,0,0,1232,5354.0
0,1,1,22.0,0,1,1233,0.0
0,0,1,23.0,0,1,1234,1250.0
0,0,2,32.0,0,1,1235,1508.0
0,0,0,21.0,0,0,1236,658.0
1,0,2,26.0,0,1,1238,5514.0
1,1,2,61.0,0,1,1238,0.0
0,0,1,30.0,0,1,1239,865.0
0,0,2,40.0,0,1,1240,1102.0
1,0,0,37.0,0,1,1242,5015.0
1,0,2,41.0,0,0,1243,6879.0
1,0,2,32.0,0,0,1243,8619.0
0,0,2,30.0,0,0,1246,757.0
0,0,1,27.0,0,1,1248,0.0
0,0,2,22.0,0,0,1250,645.0
2,0,2,54.0,0,0,1254,1182.0
2,0,2,27.0,0,0,1254,1129.0
2,1,2,52.0,0,1,1255,0.0
2,1,2,15.0,0,1,1255,0.0
2,0,2,27.0,0,0,1256,1297.0
1,0,0,30.0,0,0,1258,10641.0
0,0,2,19.0,0,0,1259,761.0
0,1,1,22.0,0,1,1260,0.0
1,0,0,43.0,0,0,1261,6834.0
2,0,2,25.0,0,0,1263,1156.0
0,0,2,51.0,0,0,1264,997.0
0,1,1,34.0,0,1,1267,0.0
2,0,2,21.0,0,0,1269,2082.0
0,1,1,21.0,0,0,1271,0.0
0,0,2,23.0,0,0,1273,759.0
0,0,0,38.0,0,0,1274,804.0
0,1,2,30.0,0,0,1278,0.0
1,1,0,31.0,0,1,1279,0.0
0,0,1,44.0,0,1,1280,660.0
0,1,2,14.0,0,0,1281,0.0
0,1,1,18.0,0,0,1282,0.0
0,0,2,19.0,0,0,1283,721.0
2,1,2,24.0,0,1,1284,0.0
0,0,0,36.0,0,0,1285,717.0
2,1,2,10.0,0,1,1286,0.0
2,1,2,1.0,0,1,1287,0.0
2,1,0,4.0,0,1,1287,0.0
2,0,2,21.0,0,0,1287,1861.0
0,0,2,24.0,0,0,1288,621.0
0,0,2,8.0,0,0,1289,0.0
0,0,2,18.0,0,0,1289,810.0
2,0,2,33.0,0,0,1291,1821.0
1,0,0,31.0,1,1,1292,31074.0
1,0,2,43.0,0,1,1292,1596.0
0,0,2,20.0,0,0,1293,797.0
1,1,2,28.0,0,1,1294,0.0
1,1,1,30.0,0,1,1294,0.0
1,0,2,28.0,1,0,1294,0.0
0,0,2,19.0,0,0,1295,787.0
0,0,2,22.0,0,1,1299,680.0
0,0,0,27.0,0,0,1300,694.0
2,0,0,22.0,0,1,1302,5487.0
0,1,0,2.0,0,1,1304,0.0
0,0,2,4.0,0,0,1304,0.0
0,0,2,10.0,0,0,1304,0.0
0,0,2,9.0,0,1,1304,0.0
0,1,2,37.0,0,0,1304,0.0
0,0,1,2.0,0,1,1304,0.0
1,0,2,44.0,0,1,1306,5388.0
1,0,0,11.0,0,1,1306,0.0
0,1,2,22.0,0,0,1307,0.0
1,1,0,40.0,0,1,1308,0.0
1,0,0,30.0,0,0,1308,14242.0
1,0,0,37.0,0,0,1308,3643.0
1,1,0,26.0,0,1,1308,0.0
0,0,2,19.0,0,1,1309,784.0
1,0,2,57.0,0,0,1310,5989.0
2,0,2,1.0,0,1,1311,0.0
2,0,2,17.0,0,0,1311,1287.0
2,0,2,26.0,0,0,1311,2577.0
0,1,0,21.0,0,1,1312,0.0
1,1,2,28.0,0,1,1316,0.0
1,0,0,36.0,0,0,1316,5600.0
2,0,2,25.0,0,0,1317,2598.0
0,1,2,40.0,0,1,1322,0.0
0,1,0,23.0,0,1,1323,0.0
0,1,0,2.0,0,0,1324,0.0
0,0,0,10.0,0,0,1324,0.0
0,1,2,43.0,0,1,1324,0.0
0,1,2,0.0,0,1,1325,0.0
0,0,2,24.0,0,0,1325,906.0
0,1,2,42.0,0,1,1325,0.0
2,0,2,30.0,0,0,1326,2597.0
2,0,2,19.0,0,0,1326,1767.0
0,1,2,26.0,0,0,1328,0.0
2,0,2,47.0,0,0,1330,1056.0
2,0,2,28.0,0,1,1330,1264.0
0,1,1,24.0,0,1,1331,0.0
0,0,2,29.0,0,0,1332,792.0
0,0,1,32.0,0,0,1333,741.0
0,1,2,44.0,0,0,1335,0.0
0,1,2,17.0,0,1,1336,0.0
0,0,0,35.0,0,0,1337,1403.0
0,1,2,23.0,0,0,1340,0.0
0,0,2,34.0,0,0,1342,884.0
0,0,2,25.0,0,0,1345,1913.0
0,0,2,67.0,0,1,1347,762.0
1,0,2,22.0,0,0,1348,4869.0
1,1,2,24.0,0,1,1348,0.0
0,1,0,27.0,0,1,1350,0.0
0,0,2,14.0,0,0,1350,2149.0
0,0,1,42.0,0,0,1350,807.0
0,1,1,19.0,0,0,1350,0.0
0,0,2,22.0,0,0,1351,0.0
2,0,2,31.0,0,0,1352,1486.0
2,0,2,10.0,0,1,1353,0.0
2,0,2,39.0,0,0,1353,2598.0
2,1,2,41.0,0,1,1353,0.0
2,0,2,0.0,0,1,1353,0.0
0,1,1,22.0,0,1,1355,0.0
0,0,2,21.0,0,0,1356,888.0
2,1,2,40.0,0,1,1357,0.0
0,0,2,25.0,0,1,1360,997.0
0,0,2,23.0,0,0,1362,1389.0
1,0,0,33.0,0,0,1365,6264.0
1,1,2,20.0,0,1,1365,0.0
0,1,0,40.0,0,1,1366,0.0
0,1,2,27.0,0,0,1368,0.0
0,0,2,21.0,0,0,1370,991.0
2,0,2,25.0,0,0,1371,1057.0
0,0,2,2.0,0,0,1375,0.0
0,0,2,19.0,0,0,1375,949.0
0,1,2,41.0,0,0,1376,0.0
1,0,2,43.0,0,1,1377,3524.0
0,0,2,19.0,0,0,1378,836.0
0,0,2,22.0,0,1,1378,1004.0
0,0,2,16.0,0,0,1379,803.0
1,0,0,42.0,0,0,1380,6360.0
0,1,1,20.0,0,1,1381,0.0
0,0,2,35.0,0,0,1382,1609.0
1,1,2,53.0,0,1,1383,0.0
0,0,2,17.0,0,0,1384,976.0
0,1,2,6.0,0,0,1384,0.0
0,0,2,22.0,0,1,1384,810.0
0,0,2,41.0,0,1,1384,803.0
0,0,2,19.0,0,1,1384,699.0
0,0,2,39.0,0,0,1385,708.0
0,1,2,23.0,0,1,1386,0.0
2,0,2,31.0,0,0,1387,1368.0
0,1,0,38.0,0,1,1389,0.0
0,1,1,1.0,0,1,1390,0.0
2,1,2,13.0,0,1,1391,0.0
2,0,2,21.0,0,0,1391,1213.0
2,0,2,44.0,0,0,1391,1048.0
2,0,2,36.0,0,0,1393,2258.0
2,0,2,19.0,0,0,1393,2599.0
0,0,2,7.0,0,1,1395,0.0
0,0,2,39.0,0,0,1397,1065.0
0,0,2,28.0,0,1,1398,888.0
0,0,2,28.0,0,0,1399,1149.0
0,1,0,14.0,0,1,1400,0.0
0,0,2,18.0,0,0,1401,810.0
0,1,1,23.0,0,1,1402,0.0
0,1,0,33.0,0,1,1402,0.0
0,0,2,18.0,0,0,1403,1656.0
1,0,2,47.0,0,0,1404,4312.0
1,0,2,42.0,0,0,1404,4234.0
2,0,2,17.0,0,0,1406,1049.0
0,0,2,21.0,0,0,1407,776.0
0,0,1,17.0,0,1,1407,634.0
0,0,1,26.0,0,0,1408,774.0
0,0,2,23.0,0,0,1410,1585.0
0,0,0,15.0,0,0,1412,832.0
0,1,1,18.0,0,0,1413,0.0
0,0,2,65.0,0,0,1414,2175.0
1,0,0,33.0,0,1,1415,2073.0
0,1,2,27.0,0,0,1416,0.0
1,0,2,41.0,0,0,1417,5062.0
2,0,2,42.0,0,0,1419,2624.0
2,1,2,24.0,0,0,1420,0.0
2,0,2,37.0,0,0,1421,7327.0
2,0,0,17.0,0,0,1421,1139.0
1,1,2,24.0,0,1,1423,0.0
1,1,2,39.0,0,1,1423,0.0
1,1,0,59.0,0,1,1423,0.0
1,1,2,32.0,0,1,1424,0.0
1,0,0,29.0,0,0,1424,6914.0
1,0,2,8.0,0,1,1424,0.0
1,0,0,28.0,0,1,1424,5072.0
1,1,2,35.0,0,1,1424,0.0
0,0,2,24.0,0,0,1425,827.0
0,1,2,1.0,0,1,1425,0.0
0,1,2,4.0,0,1,1425,0.0
1,1,0,28.0,0,1,1426,0.0
2,1,2,46.0,0,1,1427,0.0
2,0,2,67.0,0,0,1427,2416.0
0,0,2,44.0,0,0,1428,788.0
0,0,2,14.0,0,0,1430,2485.0
0,0,2,23.0,0,1,1431,969.0
0,1,2,51.0,0,0,1433,0.0
0,0,2,20.0,0,0,1434,722.0
0,0,2,0.0,0,1,1434,0.0
0,1,2,0.0,0,0,1434,0.0
0,0,2,23.0,0,0,1435,705.0
0,0,2,24.0,0,0,1438,791.0
2,0,2,41.0,0,0,1439,1286.0
2,0,2,30.0,0,0,1439,962.0
0,0,2,27.0,0,0,1440,2525.0
0,1,1,13.0,0,1,1442,0.0
0,1,2,16.0,0,1,1443,0.0
1,0,2,30.0,0,1,1444,2211.0
0,0,1,8.0,0,1,1445,0.0
0,0,2,59.0,0,0,1447,755.0
1,1,0,43.0,0,1,1450,0.0
1,0,0,30.0,0,0,1450,5717.0
1,0,0,46.0,0,0,1451,6379.0
1,1,2,39.0,0,1,1451,0.0
1,0,2,21.0,0,0,1452,3676.0
1,1,2,70.0,0,1,1452,0.0
1,0,0,34.0,0,0,1452,3159.0
1,0,2,33.0,0,0,1452,7035.0
1,1,0,44.0,0,1,1452,0.0
0,0,0,16.0,0,0,1453,6279.0
0,0,2,63.0,0,1,1453,809.0
1,0,2,37.0,0,0,1454,17708.0
1,1,0,29.0,0,1,1455,0.0
1,0,2,29.0,0,1,1455,3223.0
1,1,0,22.0,0,1,1455,0.0
1,0,2,26.0,0,1,1455,3166.0
1,0,0,76.0,0,0,1455,20078.0
0,0,2,61.0,0,0,1457,4793.0
0,0,2,46.0,0,0,1458,2343.0
0,0,2,19.0,0,1,1460,1292.0
0,1,1,13.0,0,1,1460,0.0
0,1,2,24.0,0,0,1461,0.0
0,1,2,30.0,0,1,1462,0.0
0,0,1,23.0,0,0,1463,689.0
0,0,1,63.0,0,0,1465,891.0
0,0,2,21.0,0,0,1467,982.0
2,1,2,32.0,0,1,1474,0.0
0,0,2,33.0,0,0,1478,2789.0
0,0,1,39.0,0,0,1478,1453.0
2,1,2,49.0,0,1,1479,0.0
2,0,2,27.0,0,0,1481,1299.0
0,0,2,16.0,0,0,1484,977.0
2,1,2,38.0,0,1,1485,0.0
2,1,2,42.0,0,1,1488,0.0
0,0,2,19.0,0,0,1489,888.0
1,0,0,26.0,0,0,1490,4302.0
0,0,0,32.0,0,1,1491,825.0
0,0,2,56.0,0,0,1491,759.0
0,0,2,0.0,0,1,1491,0.0
0,0,2,38.0,0,0,1493,748.0
0,0,2,30.0,0,0,1498,648.0
0,0,2,21.0,0,0,1499,1068.0
0,0,2,11.0,0,0,1500,0.0
0,0,2,3.0,0,0,1500,0.0
0,0,0,17.0,0,1,1500,1023.0
0,0,0,35.0,0,1,1500,0.0
0,0,0,17.0,0,0,1500,879.0
0,1,2,0.0,0,1,1500,0.0
0,1,2,46.0,0,1,1500,0.0
0,0,2,63.0,0,0,1501,810.0
2,0,2,35.0,0,0,1503,2388.0
2,0,2,61.0,0,0,1503,1182.0
0,0,2,19.0,0,1,1506,648.0
0,0,2,43.0,0,1,1507,1219.0
0,0,2,14.0,0,0,1507,1104.0
0,0,2,78.0,0,0,1507,445.0
0,0,2,21.0,0,0,1507,888.0
2,0,2,32.0,0,0,1509,1298.0
2,0,2,31.0,0,0,1510,1227.0
1,0,2,40.0,0,1,1511,1619.0
1,1,2,13.0,0,1,1511,0.0
1,0,2,36.0,0,0,1511,4338.0
1,0,0,31.0,0,0,1511,8618.0
0,0,2,18.0,0,0,1515,778.0
0,1,2,40.0,0,1,1520,0.0
2,1,2,28.0,0,1,1521,0.0
1,1,0,41.0,0,1,1523,0.0
1,1,2,35.0,0,1,1523,0.0
0,1,2,14.0,0,1,1524,0.0
2,0,2,20.0,0,1,1525,1846.0
0,0,0,23.0,0,0,1526,781.0
1,1,0,22.0,0,1,1527,0.0
1,0,2,25.0,0,1,1527,0.0
2,0,0,18.0,0,1,1528,6027.0
1,0,1,25.0,1,1,1529,7396.0
1,0,2,30.0,0,1,1529,0.0
0,0,2,46.0,0,0,1531,810.0
1,0,2,27.0,0,0,1532,11410.0
0,0,2,53.0,0,0,1533,1016.0
2,1,2,21.0,0,1,1536,0.0
1,0,0,32.0,0,1,1539,3862.0
1,0,2,32.0,0,0,1540,4025.0
1,0,2,33.0,1,1,1540,7714.0
1,0,2,26.0,0,0,1540,3888.0
0,0,2,47.0,0,1,1541,739.0
2,0,2,13.0,0,0,1542,7349.0
1,1,0,34.0,0,1,1543,0.0
0,0,2,21.0,0,0,1544,809.0
2,0,2,20.0,0,1,1545,1425.0
0,0,2,21.0,0,0,1547,856.0
1,1,0,51.0,0,1,1548,0.0
1,1,2,18.0,0,1,1548,0.0
1,0,2,26.0,0,0,1550,4303.0
1,0,0,53.0,1,0,1550,7633.0
1,0,2,30.0,0,1,1551,2879.0
0,1,2,37.0,0,0,1552,0.0
1,0,2,45.0,0,0,1555,4376.0
0,0,2,62.0,0,0,1558,893.0
0,0,2,38.0,0,0,1560,883.0
0,0,0,24.0,0,0,1561,2152.0
0,0,2,18.0,0,0,1562,775.0
2,1,2,23.0,0,0,1564,0.0
0,0,1,16.0,0,0,1565,2285.0
1,1,2,37.0,0,1,1567,0.0
0,0,2,22.0,0,0,1568,1127.0
0,1,1,18.0,0,1,1568,0.0
2,1,2,25.0,0,1,1569,0.0
0,0,2,26.0,0,0,1572,786.0
0,0,2,25.0,0,0,1572,873.0
2,0,2,55.0,0,0,1573,1182.0
2,0,2,28.0,0,0,1576,1029.0
0,0,2,23.0,0,1,1577,169.0
0,0,2,22.0,0,0,1578,983.0
0,0,0,26.0,0,1,1579,2153.0
0,0,2,13.0,0,0,1580,722.0
0,0,2,18.0,0,0,1580,888.0
2,1,2,38.0,0,1,1581,0.0
2,1,2,28.0,0,1,1581,0.0
0,0,2,57.0,0,0,1584,804.0
0,1,2,0.0,0,0,1584,0.0
0,1,2,18.0,0,1,1585,0.0
1,1,2,25.0,0,1,1588,0.0
1,0,0,35.0,0,1,1588,18118.0
1,0,2,37.0,0,1,1590,1357.0
1,0,0,33.0,0,0,1590,2499.0
1,0,2,35.0,0,1,1592,4587.0
1,0,0,47.0,0,1,1592,3826.0
0,0,2,23.0,0,0,1593,788.0
0,0,2,24.0,0,1,1594,928.0
1,0,0,27.0,0,1,1595,4378.0
1,1,2,23.0,0,1,1596,0.0
0,1,2,31.0,0,1,1597,0.0
1,1,2,19.0,0,1,1599,0.0
1,1,0,53.0,0,1,1599,0.0
0,0,2,37.0,0,0,1601,774.0
0,0,2,18.0,0,0,1602,2736.0
0,0,2,42.0,0,0,1603,713.0
0,1,2,7.0,0,1,1603,0.0
0,0,0,7.0,0,1,1603,0.0
0,0,2,24.0,0,0,1604,782.0
1,0,2,20.0,0,1,1606,2287.0
0,0,2,24.0,0,0,1608,2151.0
0,0,2,42.0,0,1,1611,909.0
1,0,2,49.0,0,1,1612,4093.0
1,1,2,47.0,0,1,1612,0.0
0,0,0,16.0,0,0,1613,876.0
2,0,2,26.0,1,0,1614,1432.0
0,0,2,24.0,0,0,1615,691.0
0,1,2,38.0,0,1,1615,0.0
0,0,2,0.0,0,1,1615,0.0
2,0,1,37.0,0,0,1617,2404.0
0,1,2,39.0,0,1,1619,0.0
0,0,0,25.0,0,1,1621,801.0
0,0,1,25.0,0,0,1621,683.0
2,1,2,35.0,0,1,1622,0.0
0,1,1,0.0,0,1,1624,0.0
0,0,0,46.0,0,1,1624,674.0
0,0,2,4.0,0,1,1624,0.0
1,1,0,19.0,0,1,1625,0.0
1,0,2,29.0,0,0,1625,3141.0
0,0,2,19.0,0,0,1626,10.0
1,1,2,47.0,0,1,1628,0.0
0,1,1,1.0,0,1,1630,0.0
0,1,2,4.0,0,0,1630,0.0
0,0,2,37.0,0,0,1630,775.0
0,0,2,61.0,0,0,1631,1609.0
1,1,2,32.0,0,1,1632,0.0
0,1,2,4.0,0,1,1633,0.0
0,1,2,16.0,0,1,1633,0.0
0,1,0,25.0,0,0,1634,0.0
0,0,2,22.0,0,0,1635,2434.0
0,0,2,41.0,0,0,1636,907.0
0,1,2,25.0,0,1,1637,0.0
0,0,2,19.0,0,0,1638,787.0
0,0,2,21.0,0,1,1640,926.0
0,0,0,14.0,0,0,1644,796.0
0,1,0,18.0,0,0,1645,0.0
0,0,2,34.0,0,1,1646,885.0
0,0,2,33.0,0,0,1647,969.0
0,1,0,14.0,0,0,1649,0.0
0,1,0,28.0,0,1,1650,0.0
0,1,1,43.0,0,0,1651,0.0
0,0,0,3.0,0,1,1651,0.0
0,1,1,0.0,0,1,1651,0.0
1,0,2,47.0,0,0,1653,2913.0
0,0,2,28.0,0,0,1655,3207.0
0,0,2,40.0,0,1,1655,807.0
0,0,2,17.0,0,0,1656,198.0
0,0,2,21.0,0,0,1657,5648.0
2,0,2,24.0,0,1,1658,1160.0
0,0,2,41.0,0,0,1659,803.0
0,0,2,20.0,0,0,1660,906.0
1,0,2,56.0,0,0,1661,0.0
1,0,2,57.0,0,0,1661,2376.0
1,1,2,48.0,0,1,1661,0.0
1,0,2,37.0,0,0,1661,3696.0
0,0,1,20.0,0,0,1662,669.0
0,1,1,36.0,0,1,1663,0.0
1,0,2,38.0,0,1,1666,3851.0
0,0,2,22.0,0,0,1668,645.0
2,0,2,31.0,0,0,1669,2599.0
2,1,2,0.0,0,1,1669,0.0
2,0,0,21.0,0,0,1669,2362.0
0,0,2,49.0,0,0,1670,1724.0
0,1,2,44.0,0,0,1670,0.0
1,0,0,24.0,0,0,1671,7627.0
0,0,2,29.0,0,0,1672,804.0
0,0,0,16.0,0,0,1673,898.0
0,1,1,20.0,0,0,1674,0.0
0,1,2,26.0,0,0,1676,0.0
0,0,2,19.0,0,0,1677,92.0
0,0,2,34.0,0,0,1681,883.0
2,1,2,38.0,0,1,1682,0.0
0,0,0,51.0,0,0,1685,615.0
0,0,0,7.0,0,0,1685,0.0
0,1,2,3.0,0,1,1685,0.0
2,0,2,26.0,1,0,1687,1416.0
0,0,2,27.0,0,0,1688,787.0
0,1,2,7.0,0,0,1688,0.0
0,1,2,19.0,0,1,1688,0.0
0,0,2,28.0,0,0,1690,873.0
2,0,2,27.0,0,0,1691,5871.0
0,1,1,31.0,0,1,1694,0.0
0,0,2,26.0,0,0,1695,783.0
1,0,2,43.0,0,0,1696,16535.0
0,0,2,23.0,0,0,1697,786.0
0,1,1,14.0,0,1,1698,0.0
0,0,0,47.0,0,1,1699,642.0
1,1,2,17.0,0,1,1700,0.0
1,0,2,64.0,0,0,1700,6826.0
2,0,2,13.0,0,0,1704,1802.0
2,0,0,18.0,0,1,1704,1766.0
2,0,2,29.0,1,0,1705,0.0
0,0,1,70.0,0,0,1708,1296.0
2,0,2,23.0,0,0,1709,1325.0
2,0,2,23.0,0,1,1709,2299.0
2,0,2,35.0,0,0,1709,1338.0
2,0,2,17.0,0,0,1709,1896.0
2,1,2,26.0,0,1,1709,0.0
2,0,2,15.0,0,0,1709,3461.0
2,0,2,19.0,0,0,1709,1687.0
0,1,1,20.0,0,1,1710,0.0
0,0,2,51.0,0,0,1711,2414.0
2,0,2,17.0,0,0,1712,1119.0
2,0,2,27.0,0,0,1712,2598.0
0,0,2,43.0,0,0,1713,812.0
0,0,2,5.0,0,0,1714,0.0
0,1,2,17.0,0,0,1715,0.0
0,0,2,40.0,0,1,1717,1522.0
0,0,2,38.0,0,0,1717,1683.0
0,1,2,20.0,0,1,1718,0.0
0,1,2,13.0,0,0,1719,0.0
0,0,2,15.0,0,0,1721,1001.0
0,0,2,15.0,0,0,1723,987.0
1,0,0,59.0,0,1,1724,1675.0
0,0,2,24.0,0,0,1725,804.0
2,1,2,24.0,0,1,1727,0.0
2,0,0,52.0,0,0,1727,2699.0
0,0,2,38.0,0,0,1728,883.0
0,0,2,26.0,0,1,1729,1088.0
0,0,0,17.0,0,1,1730,863.0
0,1,1,17.0,0,1,1731,0.0
0,0,0,20.0,0,1,1731,809.0
0,0,2,15.0,0,0,1733,1444.0
0,1,2,30.0,0,1,1734,0.0
0,1,1,22.0,0,0,1736,0.0
0,0,2,18.0,0,0,1738,486.0
0,1,0,22.0,0,1,1738,0.0
0,1,1,20.0,0,1,1739,0.0
0,0,2,22.0,0,0,1740,785.0
2,0,1,34.0,1,0,1742,914.0
1,0,2,28.0,0,0,1745,7595.0
2,1,2,50.0,0,1,1746,0.0
0,0,0,19.0,0,1,1747,509.0
0,0,2,21.0,0,0,1748,809.0
0,0,2,0.0,0,0,1748,0.0
0,0,2,4.0,0,1,1748,0.0
0,1,1,59.0,0,0,1749,0.0
0,0,0,15.0,0,1,1752,1315.0
0,1,2,24.0,0,1,1753,0.0
0,1,2,26.0,0,0,1755,0.0
0,0,2,67.0,0,0,1757,900.0
0,0,2,55.0,0,0,1758,908.0
0,0,2,50.0,0,0,1760,803.0
0,0,0,23.0,0,0,1761,702.0
0,0,1,21.0,0,1,1762,2427.0
0,0,2,15.0,0,0,1762,531.0
1,0,2,41.0,0,1,1763,3299.0
2,1,2,59.0,0,1,1764,0.0
2,0,2,18.0,0,0,1764,0.0
0,0,0,21.0,0,0,1766,1445.0
1,1,0,14.0,0,1,1767,0.0
1,0,2,50.0,0,1,1767,5633.0
1,0,2,32.0,0,1,1767,6564.0
1,1,2,46.0,0,1,1767,0.0
0,0,2,24.0,0,0,1768,756.0
2,1,2,58.0,0,1,1769,0.0
1,1,0,15.0,0,1,1770,0.0
0,0,2,35.0,0,1,1771,774.0
2,0,2,30.0,0,0,1772,1308.0
2,1,2,30.0,0,1,1774,0.0
0,0,2,43.0,0,1,1775,884.0
0,0,2,21.0,0,0,1776,809.0
0,1,1,15.0,0,0,1778,0.0
0,0,0,37.0,0,1,1779,778.0
1,0,0,28.0,0,1,1781,11038.0
0,1,2,28.0,0,0,1782,0.0
0,0,2,40.0,0,0,1782,804.0
0,0,0,42.0,0,0,1783,619.0
0,1,1,21.0,0,0,1783,0.0
2,1,0,31.0,0,0,1785,0.0
0,0,2,51.0,0,0,1786,794.0
2,0,2,73.0,0,0,1792,1308.0
1,1,2,26.0,0,1,1796,0.0
1,1,0,33.0,0,1,1797,0.0
0,0,2,39.0,0,0,1798,790.0
0,0,2,19.0,0,0,1799,908.0
0,0,0,12.0,0,1,1800,0.0
0,1,0,10.0,0,0,1800,0.0
0,1,2,0.0,0,0,1800,0.0
0,0,2,0.0,0,1,1800,0.0
0,1,2,1.0,0,1,1800,0.0
0,0,2,33.0,0,0,1802,790.0
0,0,0,23.0,0,0,1803,722.0
2,1,2,5.0,0,1,1804,0.0
0,1,2,24.0,0,1,1805,0.0
2,0,2,26.0,0,0,1806,0.0
1,0,0,30.0,0,0,1807,7911.0
0,0,2,33.0,0,0,1808,803.0
2,0,2,56.0,0,0,1810,7406.0
0,1,1,25.0,0,1,1811,0.0
0,0,2,24.0,0,0,1811,948.0
0,0,2,25.0,0,1,1812,1003.0
0,0,0,18.0,0,0,1813,717.0
1,0,2,60.0,1,1,1816,2943.0
1,0,2,41.0,0,1,1816,2364.0
0,0,1,16.0,0,0,1817,670.0
0,1,2,17.0,0,1,1818,0.0
0,0,2,26.0,0,0,1821,384.0
0,0,2,31.0,0,1,1822,813.0
0,0,2,67.0,0,1,1823,898.0
0,0,0,16.0,0,0,1826,802.0
0,0,0,24.0,0,0,1827,578.0
0,0,2,19.0,0,1,1828,2214.0
1,0,0,48.0,0,1,1829,3781.0
1,0,2,30.0,0,1,1829,6696.0
1,0,2,22.0,0,1,1829,11126.0
1,0,2,28.0,1,1,1829,6206.0
1,1,0,23.0,0,1,1829,0.0
1,0,2,29.0,0,0,1829,2654.0
0,1,2,22.0,0,0,1831,0.0
1,0,0,48.0,0,0,1833,4890.0
2,0,2,26.0,0,1,1834,1599.0
0,0,2,23.0,0,1,1836,2858.0
0,0,2,55.0,0,0,1841,1104.0
1,0,2,46.0,0,0,1843,2733.0
0,0,1,38.0,0,0,1844,1381.0
0,1,2,2.0,0,1,1844,0.0
0,1,2,3.0,0,1,1844,0.0
0,0,2,20.0,0,0,1846,804.0
0,0,2,65.0,0,0,1847,445.0
0,0,2,24.0,0,0,1848,846.0
0,0,2,25.0,0,0,1849,1395.0
0,0,1,54.0,0,0,1850,573.0
0,0,0,25.0,0,0,1850,761.0
0,1,2,14.0,0,1,1853,0.0
1,0,0,53.0,0,1,1854,14298.0
0,1,2,0.0,0,1,1855,0.0
0,0,2,39.0,0,0,1855,992.0
0,0,2,22.0,0,1,1856,745.0
2,0,0,31.0,0,0,1857,829.0
2,1,2,24.0,0,1,1859,0.0
1,0,2,35.0,1,0,1860,3157.0
1,0,0,35.0,0,0,1860,4245.0
2,1,2,32.0,0,1,1861,0.0
2,0,2,61.0,0,0,1861,2475.0
0,0,0,58.0,0,1,1863,1095.0
2,0,2,26.0,0,0,1864,1778.0
0,1,2,4.0,0,0,1865,0.0
0,0,2,1.0,0,0,1865,0.0
0,0,2,8.0,0,1,1865,0.0
0,0,2,7.0,0,0,1865,0.0
0,0,2,25.0,0,0,1865,1821.0
0,0,2,6.0,0,0,1865,0.0
0,0,2,29.0,0,0,1866,865.0
2,1,2,64.0,0,1,1868,0.0
1,0,2,31.0,0,1,1871,2207.0
2,1,2,25.0,0,0,1872,0.0
0,1,2,30.0,0,1,1873,0.0
0,1,2,0.0,0,0,1874,0.0
0,0,1,29.0,0,0,1874,1965.0
0,0,2,37.0,0,0,1877,888.0
0,0,2,49.0,0,0,1878,724.0
1,0,2,36.0,0,0,1879,3400.0
0,0,0,20.0,0,0,1880,607.0
0,0,2,20.0,0,1,1881,2301.0
1,0,0,18.0,0,1,1882,16350.0
1,1,0,17.0,0,1,1882,0.0
2,1,2,48.0,0,0,1884,0.0
0,0,2,26.0,0,0,1886,790.0
0,0,2,35.0,0,0,1887,852.0
0,0,2,30.0,0,1,1888,873.0
0,0,2,22.0,0,0,1889,724.0
0,1,2,5.0,0,0,1889,0.0
0,1,0,43.0,0,0,1890,0.0
2,1,2,52.0,0,0,1891,0.0
1,0,2,50.0,0,1,1892,1854.0
1,0,2,29.0,0,1,1892,2315.0
1,0,0,19.0,0,0,1892,5987.0
1,0,0,39.0,0,1,1897,15295.0
1,0,2,38.0,0,1,1897,2160.0
0,1,0,21.0,0,0,1898,0.0
0,0,1,25.0,0,0,1899,452.0
1,1,0,42.0,0,1,1901,0.0
1,1,0,36.0,0,1,1901,0.0
0,0,2,19.0,0,0,1902,1818.0
0,1,2,42.0,0,0,1903,0.0
0,0,0,40.0,0,0,1905,2729.0
0,1,2,14.0,0,0,1906,0.0
1,0,2,50.0,0,0,1907,2183.0
2,0,2,18.0,0,0,1908,2347.0
0,0,2,46.0,0,0,1911,755.0
0,0,2,24.0,0,0,1915,792.0
1,1,2,15.0,0,1,1916,0.0
1,0,0,22.0,0,0,1916,3349.0
1,1,2,0.0,0,0,1918,0.0
1,1,2,52.0,0,1,1918,0.0
1,0,2,38.0,0,1,1918,3416.0
2,0,2,46.0,0,0,1920,1021.0
0,1,0,23.0,0,0,1922,0.0
1,0,2,63.0,0,1,1923,5180.0
1,1,0,24.0,0,1,1923,0.0
0,1,2,50.0,0,0,1925,0.0
0,1,2,20.0,0,0,1926,0.0
2,0,2,55.0,0,0,1927,2709.0
0,0,1,21.0,0,1,1928,661.0
1,1,0,56.0,0,1,1931,0.0
0,0,2,45.0,0,1,1933,10.0
0,1,0,18.0,0,0,1935,0.0
0,0,2,47.0,0,0,1937,901.0
0,0,2,36.0,0,1,1938,1735.0
2,0,2,57.0,1,0,1939,1309.0
2,0,2,13.0,0,0,1939,3090.0
2,0,2,27.0,0,0,1940,1599.0
0,0,2,20.0,0,0,1941,717.0
0,0,2,47.0,0,0,1942,828.0
0,0,2,15.0,0,0,1945,787.0
0,0,2,34.0,0,0,1946,784.0
0,0,2,21.0,0,0,1947,949.0
0,0,2,51.0,0,0,1950,1458.0
0,0,2,23.0,0,0,1952,788.0
0,0,2,58.0,0,0,1953,717.0
2,0,2,37.0,0,0,1956,3899.0
2,0,1,44.0,0,1,1956,787.0
0,1,2,25.0,0,0,1957,0.0
1,1,2,15.0,0,1,1959,0.0
1,0,2,40.0,0,0,1959,4205.0
1,0,0,29.0,0,1,1959,5985.0
0,1,2,36.0,0,1,1960,0.0
0,0,1,21.0,0,1,1960,681.0
0,0,2,35.0,0,1,1961,927.0
0,0,2,24.0,0,0,1962,1442.0
0,0,0,2.0,0,0,1962,0.0
0,1,2,0.0,0,1,1962,0.0
0,0,2,43.0,0,0,1963,1217.0
1,0,2,63.0,0,0,1964,4622.0
0,1,2,30.0,0,1,1967,0.0
0,1,1,38.0,0,1,1968,0.0
1,0,0,27.0,0,1,1969,25807.0
0,0,1,54.0,0,0,1971,692.0
1,1,0,39.0,0,1,1973,0.0
2,0,2,41.0,0,0,1974,3721.0
0,0,2,22.0,0,0,1975,771.0
1,0,0,23.0,0,1,1976,8040.0
1,0,2,34.0,0,1,1976,4066.0
1,1,0,26.0,1,1,1976,0.0
1,0,2,39.0,0,0,1976,6149.0
1,1,0,15.0,0,1,1976,0.0
1,1,2,64.0,0,1,1976,0.0
1,1,2,25.0,0,1,1976,0.0
2,1,2,35.0,0,1,1977,0.0
0,1,2,19.0,0,1,1978,0.0
0,0,2,26.0,0,0,1979,1156.0
0,1,2,3.0,0,1,1980,0.0
0,0,2,29.0,0,0,1980,1439.0
0,1,2,44.0,0,1,1980,0.0
0,0,2,27.0,0,0,1981,996.0
0,0,1,17.0,0,0,1983,754.0
1,0,0,37.0,0,1,1984,3263.0
2,1,0,19.0,0,1,1985,0.0
0,1,2,44.0,0,0,1988,0.0
0,0,0,22.0,0,0,1991,667.0
0,0,2,22.0,0,1,1991,663.0
2,1,2,21.0,0,1,1992,0.0
0,0,2,31.0,0,0,1993,1935.0
0,0,2,17.0,0,1,1994,791.0
0,0,1,30.0,0,0,1995,531.0
0,0,2,15.0,0,0,1996,865.0
0,0,2,42.0,0,1,1997,1707.0
0,0,2,55.0,0,0,1999,871.0
1,0,0,28.0,0,1,2000,2851.0
0,0,2,33.0,0,0,2001,1514.0
0,0,2,19.0,0,0,2003,808.0
0,0,2,24.0,0,0,2006,861.0
0,0,2,4.0,0,0,2006,0.0
0,1,2,2.0,0,0,2006,0.0
1,0,0,30.0,0,1,2007,5740.0
1,0,2,31.0,0,0,2009,0.0
1,1,2,17.0,0,1,2009,0.0
1,1,0,40.0,0,1,2009,0.0
0,1,1,33.0,0,1,2010,0.0
0,1,1,46.0,0,0,2011,0.0
1,0,0,30.0,1,0,2012,11256.0
0,0,2,17.0,0,0,2013,804.0
0,0,2,19.0,0,1,2015,1828.0
1,0,0,22.0,0,1,2019,6265.0
1,0,0,20.0,0,0,2019,7929.0
0,0,1,36.0,0,0,2022,895.0
0,0,2,0.0,0,1,2024,0.0
0,0,0,17.0,0,1,2024,1640.0
0,1,2,24.0,0,1,2026,0.0
0,1,1,15.0,0,1,2026,0.0
0,0,2,20.0,0,0,2026,720.0
0,0,0,19.0,0,1,2027,1088.0
0,0,1,24.0,0,0,2028,671.0
0,0,0,43.0,0,0,2029,737.0
2,1,2,26.0,0,1,2032,0.0
0,0,2,42.0,0,0,2034,1283.0
0,0,2,21.0,0,0,2038,644.0
1,1,2,50.0,0,1,2040,0.0
1,1,2,25.0,0,1,2040,0.0
0,1,2,64.0,0,1,2041,0.0
0,0,2,50.0,0,0,2042,804.0
2,1,2,24.0,0,1,2043,0.0
0,0,2,27.0,0,1,2044,658.0
0,1,0,42.0,0,1,2045,0.0
0,1,0,30.0,0,0,2046,0.0
0,0,2,20.0,0,1,2051,718.0
2,0,2,31.0,0,1,2052,1378.0
1,0,0,26.0,0,0,2053,5759.0
1,0,0,39.0,0,0,2054,2647.0
0,0,2,24.0,0,0,2055,0.0
0,0,1,32.0,0,1,2055,700.0
0,1,2,25.0,0,1,2055,0.0
0,0,2,6.0,0,1,2055,0.0
0,1,2,3.0,0,1,2055,0.0
0,1,2,11.0,0,0,2055,0.0
0,1,2,52.0,0,0,2056,0.0
0,0,2,14.0,0,0,2056,877.0
0,0,2,68.0,0,0,2056,2038.0
0,1,1,18.0,0,1,2056,0.0
0,0,2,55.0,0,1,2059,909.0
0,0,0,22.0,0,0,2060,1853.0
1,0,2,34.0,0,1,2061,5446.0
2,0,2,17.0,0,0,2062,1336.0
0,1,1,38.0,0,0,2063,0.0
0,0,2,13.0,0,0,2065,1975.0
0,1,2,19.0,0,1,2066,0.0
1,1,2,30.0,0,1,2067,0.0
1,0,2,27.0,1,0,2067,3453.0
0,0,2,17.0,0,1,2070,860.0
1,0,0,45.0,0,0,2071,7337.0
1,0,0,28.0,0,1,2071,3577.0
0,0,2,23.0,0,0,2073,632.0
1,0,2,24.0,0,0,2074,10357.0
1,0,2,23.0,0,1,2074,4106.0
0,0,0,29.0,0,0,2075,638.0
0,0,2,46.0,0,0,2080,883.0
0,0,1,17.0,0,1,2081,919.0
0,0,2,20.0,0,0,2082,808.0
0,0,2,24.0,0,0,2083,715.0
1,0,2,40.0,0,0,2084,10796.0
1,1,2,24.0,0,1,2084,0.0
1,0,2,38.0,0,0,2085,9531.0
1,0,2,65.0,0,1,2086,4919.0
1,0,2,19.0,0,1,2086,2050.0
0,0,2,54.0,0,1,2087,873.0
0,0,0,38.0,0,0,2088,717.0
0,0,2,40.0,0,1,2088,929.0
0,0,1,21.0,0,0,2089,684.0
0,0,2,22.0,0,1,2090,821.0
0,0,2,33.0,0,0,2091,601.0
2,0,2,18.0,0,1,2092,2345.0
2,0,2,43.0,0,0,2092,1297.0
2,0,2,13.0,0,0,2092,9597.0
2,0,2,26.0,0,0,2092,1751.0
2,0,2,22.0,0,0,2092,2578.0
2,1,2,21.0,0,1,2094,0.0
0,0,1,25.0,0,0,2095,1368.0
2,0,2,29.0,0,0,2096,1431.0
2,0,2,49.0,0,0,2096,1692.0
1,1,0,29.0,0,1,2097,0.0
2,0,2,45.0,0,1,2099,2579.0
0,0,1,45.0,0,1,2100,742.0
1,0,2,30.0,0,0,2102,16788.0
0,0,2,29.0,0,0,2104,803.0
0,0,2,26.0,0,0,2104,0.0
0,1,0,16.0,0,0,2105,0.0
0,0,0,20.0,0,0,2106,4928.0
0,0,2,33.0,0,0,2107,888.0
0,1,2,18.0,0,0,2110,0.0
2,0,2,24.0,0,0,2111,2598.0
2,0,2,29.0,0,0,2112,2598.0
1,1,0,40.0,0,1,2114,0.0
1,1,2,27.0,0,1,2115,0.0
0,1,2,35.0,0,0,2116,0.0
1,0,2,31.0,0,0,2117,22021.0
0,1,1,26.0,0,0,2118,0.0
2,0,2,49.0,0,1,2120,1058.0
0,1,2,23.0,0,0,2121,0.0
0,1,1,23.0,0,0,2123,0.0
0,1,1,14.0,0,1,2123,0.0
0,0,0,21.0,0,0,2124,810.0
0,0,2,18.0,0,0,2125,907.0
0,0,2,24.0,0,0,2126,717.0
0,0,2,19.0,0,1,2127,790.0
0,0,2,22.0,0,0,2128,809.0
0,0,2,17.0,0,0,2129,758.0
0,0,1,13.0,0,0,2130,668.0
0,0,2,26.0,0,0,2131,991.0
2,0,2,24.0,0,0,2133,1182.0
2,1,2,16.0,0,1,2133,0.0
2,0,2,20.0,0,0,2134,1149.0
0,0,2,20.0,0,0,2135,1620.0
0,0,2,23.0,0,0,2135,788.0
0,0,2,61.0,0,0,2136,915.0
2,1,2,27.0,0,1,2137,0.0
2,0,0,3.0,0,1,2137,0.0
2,0,0,4.0,0,1,2137,0.0
0,1,0,13.0,0,1,2138,0.0
2,1,2,19.0,0,1,2139,0.0
0,0,2,18.0,0,1,2140,698.0
0,0,0,66.0,0,1,2141,1610.0
2,1,2,39.0,0,1,2142,0.0
0,0,2,21.0,0,0,2143,2667.0
0,1,2,7.0,0,0,2143,0.0
0,1,2,56.0,0,0,2144,0.0
0,0,2,15.0,0,0,2145,1079.0
2,0,2,24.0,0,1,2147,1298.0
0,0,2,13.0,0,0,2148,874.0
1,1,2,18.0,0,1,2149,0.0
0,1,1,38.0,0,0,2150,0.0
0,0,2,45.0,0,0,2152,2797.0
0,1,2,21.0,0,0,2153,0.0
0,0,2,19.0,0,0,2154,628.0
0,0,2,49.0,0,0,2156,1527.0
0,0,2,21.0,0,1,2158,865.0
0,0,2,18.0,0,1,2159,2429.0
2,1,2,43.0,0,1,2161,0.0
2,1,1,27.0,0,1,2162,0.0
2,0,2,0.0,0,1,2162,0.0
0,0,2,27.0,0,0,2163,773.0
1,1,2,21.0,0,1,2164,0.0
0,0,1,20.0,0,0,2167,753.0
2,1,2,35.0,0,1,2168,0.0
2,0,2,20.0,0,0,2168,1216.0
0,0,2,24.0,0,0,2171,804.0
0,0,2,41.0,0,0,2171,6198.0
0,0,1,23.0,0,1,2172,774.0
0,1,1,27.0,0,1,2173,0.0
0,1,0,58.0,0,1,2175,0.0
2,1,2,53.0,0,1,2177,0.0
1,0,2,30.0,0,0,2179,8791.0
0,0,0,24.0,0,0,2180,566.0
1,0,2,31.0,0,0,2182,4230.0
2,0,1,46.0,0,0,2183,1233.0
2,0,2,20.0,0,0,2183,1040.0
0,1,2,20.0,0,0,2186,0.0
0,0,2,30.0,0,0,2187,1385.0
0,0,0,24.0,0,0,2188,691.0
0,0,2,34.0,0,0,2189,628.0
0,0,2,20.0,0,0,2190,2272.0
2,1,2,48.0,0,1,2191,0.0
0,0,1,25.0,0,0,2193,689.0
0,1,2,43.0,0,0,2194,0.0
0,0,2,27.0,0,1,2195,1050.0
1,0,2,47.0,0,0,2196,5499.0
1,0,0,26.0,0,1,2196,4715.0
1,1,2,37.0,0,1,2196,0.0
1,0,0,42.0,0,0,2196,4140.0
0,0,0,61.0,0,1,2198,1624.0
2,0,2,29.0,0,0,2200,2598.0
1,0,0,32.0,0,1,2201,3032.0
2,0,2,51.0,0,0,2202,1688.0
2,0,2,43.0,0,0,2203,2579.0
1,1,0,25.0,0,1,2204,0.0
0,0,2,31.0,0,0,2205,789.0
0,0,1,13.0,0,0,2206,943.0
0,0,2,20.0,0,0,2207,774.0
0,0,2,29.0,0,0,2209,1389.0
0,1,2,16.0,0,0,2210,0.0
0,0,2,15.0,0,1,2211,2727.0
0,0,2,50.0,0,0,2212,2175.0
1,0,0,41.0,1,1,2215,31076.0
1,0,2,43.0,0,1,2215,2468.0
1,1,2,32.0,0,1,2215,0.0
1,0,2,36.0,0,0,2215,3976.0
0,1,0,18.0,0,1,2219,0.0
0,0,2,47.0,0,1,2220,882.0
0,1,1,29.0,0,1,2221,0.0
0,0,2,24.0,0,0,2223,908.0
0,0,2,14.0,0,1,2224,804.0
0,1,1,25.0,0,0,2225,0.0
2,0,2,63.0,0,0,2228,1173.0
0,0,2,22.0,0,0,2229,739.0
2,0,2,32.0,0,0,2231,954.0
0,0,0,31.0,0,0,2232,689.0
0,0,2,24.0,0,0,2232,1360.0
0,0,2,39.0,0,0,2233,907.0
2,1,0,20.0,0,1,2234,0.0
2,1,0,20.0,0,1,2234,0.0
2,0,2,19.0,0,0,2234,0.0
2,0,0,20.0,0,0,2234,1913.0
2,0,2,31.0,0,0,2234,1052.0
2,1,0,17.0,0,1,2234,0.0
2,0,2,24.0,0,0,2234,2599.0
0,0,2,27.0,0,0,2235,742.0
1,0,0,28.0,0,1,2237,4735.0
1,1,2,41.0,0,1,2237,0.0
1,1,0,25.0,0,1,2238,0.0
0,0,1,26.0,0,1,2239,562.0
0,0,2,27.0,0,0,2241,2516.0
0,0,2,22.0,0,1,2243,769.0
1,0,0,62.0,0,0,2251,7336.0
1,0,2,58.0,0,0,2251,1172.0
0,0,2,37.0,0,0,2252,2328.0
0,0,2,54.0,0,0,2253,912.0
0,0,2,26.0,0,0,2254,713.0
1,1,0,44.0,0,1,2255,0.0
1,1,2,34.0,0,1,2255,0.0
0,1,2,47.0,0,1,2256,0.0
1,0,2,27.0,1,1,2257,4075.0
1,1,0,22.0,0,1,2257,0.0
0,1,2,46.0,0,1,2258,0.0
0,0,2,29.0,0,1,2261,885.0
0,0,0,43.0,0,0,2262,673.0
0,0,2,42.0,0,0,2263,804.0
0,0,2,39.0,0,1,2264,881.0
2,0,2,30.0,0,0,2266,1486.0
2,0,2,43.0,0,1,2267,3046.0
0,1,2,19.0,0,0,2268,0.0
2,1,2,26.0,0,1,2269,0.0
2,0,2,46.0,0,1,2270,1433.0
0,0,2,3.0,0,1,2272,0.0
0,1,0,21.0,0,1,2272,0.0
0,0,2,1.0,0,1,2272,0.0
0,0,2,22.0,0,0,2273,788.0
1,1,0,27.0,0,1,2274,0.0
1,1,0,28.0,0,1,2274,0.0
2,0,1,36.0,0,0,2275,911.0
0,0,2,19.0,0,0,2277,809.0
1,1,0,18.0,0,1,2278,0.0
1,0,0,47.0,0,0,2279,4195.0
1,0,2,18.0,0,0,2280,12727.0
0,0,2,6.0,0,1,2281,0.0
0,0,2,20.0,0,0,2282,923.0
2,0,2,18.0,0,0,2284,5916.0
0,0,2,37.0,0,0,2287,220.0
0,0,2,22.0,0,0,2288,1618.0
2,0,2,37.0,0,1,2289,2599.0
0,0,0,6.0,0,0,2291,0.0
0,0,2,36.0,0,0,2291,723.0
0,0,0,46.0,0,0,2291,1031.0
0,0,2,75.0,0,0,2295,2993.0
0,0,2,37.0,0,0,2295,696.0
0,1,2,22.0,0,1,2296,0.0
0,0,1,33.0,0,0,2298,688.0
2,0,2,35.0,0,0,2299,617.0
1,0,0,19.0,0,0,2300,8195.0
1,0,0,34.0,0,0,2300,6818.0
0,0,2,23.0,0,1,2301,1053.0
0,0,0,37.0,0,0,2301,1509.0
0,0,0,24.0,0,0,2301,1368.0
1,0,2,54.0,1,0,2302,7878.0
2,0,0,52.0,0,1,2303,1431.0
0,1,2,60.0,0,0,2305,0.0
1,0,2,1.0,0,1,2306,0.0
1,0,2,24.0,0,1,2306,0.0
1,0,2,22.0,0,0,2306,3900.0
1,0,0,27.0,0,1,2306,12152.0
1,1,0,48.0,0,1,2306,0.0
1,0,0,47.0,0,0,2306,1776.0
1,1,2,25.0,0,1,2308,0.0
1,0,0,49.0,0,0,2308,3947.0
1,0,2,33.0,0,0,2308,11141.0
1,0,2,67.0,0,1,2308,5320.0
0,1,1,5.0,0,0,2309,0.0
1,1,0,60.0,0,1,2310,0.0
1,1,2,56.0,0,1,2310,0.0
1,0,2,59.0,0,0,2310,6306.0
1,1,2,44.0,0,1,2310,0.0
0,0,2,33.0,0,0,2311,914.0
0,1,2,28.0,0,0,2312,0.0
2,0,2,29.0,0,0,2313,2366.0
0,1,2,13.0,0,0,2314,0.0
1,1,0,34.0,0,1,2315,0.0
0,1,1,45.0,0,1,2316,0.0
0,0,2,39.0,0,0,2317,908.0
0,0,2,18.0,0,0,2318,796.0
0,1,1,57.0,0,0,2319,0.0
0,0,0,24.0,0,0,2320,804.0
0,1,1,25.0,0,1,2321,0.0
0,1,1,22.0,0,0,2325,0.0
1,0,2,32.0,0,1,2327,5388.0
2,1,2,29.0,0,1,2329,0.0
0,0,2,21.0,0,0,2332,2165.0
2,0,2,16.0,0,0,2333,0.0
1,1,0,45.0,0,1,2336,0.0
1,0,2,44.0,1,0,2336,7570.0
0,1,0,27.0,0,1,2338,0.0
0,0,2,26.0,0,0,2338,871.0
2,0,2,46.0,0,0,2339,1347.0
0,0,1,24.0,0,0,2340,648.0
0,0,2,15.0,0,1,2341,785.0
0,1,1,53.0,0,0,2345,0.0
0,0,0,28.0,0,0,2347,635.0
0,1,2,11.0,0,1,2347,0.0
0,1,2,7.0,0,0,2347,0.0
0,1,1,0.0,0,1,2347,0.0
0,1,0,15.0,0,1,2347,0.0
0,0,0,31.0,0,0,2347,608.0
0,0,2,9.0,0,0,2347,0.0
1,0,0,44.0,1,0,2348,3958.0
0,0,2,35.0,0,0,2349,907.0
0,0,2,30.0,0,1,2353,5525.0
0,0,0,13.0,0,0,2353,880.0
2,0,2,45.0,1,0,2356,861.0
2,1,2,4.0,0,1,2356,0.0
2,1,2,21.0,0,1,2356,0.0
0,0,2,20.0,0,0,2357,1618.0
0,1,2,24.0,0,1,2360,0.0
0,1,1,3.0,0,0,2361,0.0
0,0,2,29.0,0,1,2361,792.0
1,0,2,28.0,0,1,2363,11846.0
0,0,2,44.0,0,1,2364,907.0
1,1,2,50.0,0,1,2365,0.0
2,1,2,35.0,0,0,2366,0.0
0,0,2,19.0,0,0,2367,645.0
2,0,2,22.0,0,0,2368,954.0
0,0,2,30.0,0,0,2369,923.0
1,0,2,36.0,0,0,2373,12670.0
2,0,2,20.0,0,1,2374,1896.0
0,0,0,22.0,0,1,2375,753.0
0,0,0,22.0,0,0,2376,703.0
1,1,1,32.0,0,1,2377,0.0
0,0,2,35.0,0,0,2379,872.0
0,0,0,41.0,0,0,2382,1357.0
0,1,2,57.0,0,0,2384,0.0
0,1,1,3.0,0,0,2384,0.0
0,0,0,11.0,0,1,2384,0.0
0,0,2,4.0,0,1,2384,0.0
0,1,2,17.0,0,0,2384,0.0
0,0,2,30.0,0,0,2384,0.0
0,1,2,11.0,0,1,2384,0.0
2,0,2,23.0,0,0,2385,1854.0
0,0,2,58.0,0,1,2387,1580.0
0,0,2,22.0,0,0,2389,722.0
0,0,2,24.0,0,0,2390,4179.0
0,0,2,20.0,0,0,2391,788.0
0,1,2,37.0,0,1,2392,0.0
0,0,2,49.0,0,0,2395,713.0
0,0,2,46.0,0,0,2396,1625.0
0,0,2,30.0,0,0,2396,884.0
0,0,0,36.0,0,0,2397,810.0
0,0,2,21.0,0,0,2398,829.0
2,0,2,25.0,1,0,2399,1173.0
0,1,1,42.0,0,1,2401,0.0
0,1,2,13.0,0,0,2402,0.0
0,0,2,25.0,0,0,2403,884.0
1,0,2,29.0,0,0,2404,4762.0
1,1,2,17.0,0,1,2404,0.0
1,0,0,36.0,0,1,2404,7729.0
0,1,2,44.0,0,1,2404,0.0
2,1,2,18.0,0,1,2406,0.0
0,0,0,22.0,0,0,2409,690.0
0,1,2,22.0,0,1,2409,0.0
0,1,2,43.0,0,1,2410,0.0
0,0,2,29.0,0,1,2411,2151.0
0,1,2,24.0,0,1,2412,0.0
0,1,1,18.0,0,1,2413,0.0
1,0,2,42.0,0,0,2414,7411.0
0,0,2,43.0,0,0,2416,1817.0
0,0,2,32.0,0,0,2417,887.0
0,1,2,15.0,0,1,2419,0.0
2,0,2,22.0,0,1,2421,0.0
0,1,2,20.0,0,0,2423,0.0
0,0,2,34.0,0,1,2424,1816.0
2,1,2,70.0,0,1,2426,0.0
2,1,2,18.0,0,1,2426,0.0
1,1,2,26.0,0,1,2427,0.0
0,0,2,17.0,0,0,2429,1106.0
0,0,2,13.0,0,0,2431,776.0
0,0,2,19.0,0,0,2432,79.0
1,1,2,32.0,0,1,2433,0.0
0,0,2,33.0,0,0,2435,2789.0
0,0,2,21.0,0,0,2436,799.0
2,1,2,23.0,0,1,2438,0.0
0,0,2,24.0,0,1,2439,777.0
0,0,0,17.0,0,0,2441,876.0
2,1,2,34.0,0,1,2442,0.0
0,0,2,31.0,0,0,2443,1955.0
0,0,0,43.0,0,0,2444,747.0
0,0,2,43.0,0,0,2445,790.0
0,0,2,33.0,0,1,2446,755.0
2,1,2,28.0,0,1,2449,0.0
2,1,2,27.0,0,0,2449,0.0
2,1,2,7.0,0,1,2449,0.0
0,1,1,16.0,0,0,2451,0.0
0,0,0,42.0,0,0,2452,717.0
2,1,2,27.0,0,1,2453,0.0
0,0,2,19.0,0,0,2454,801.0
2,0,2,42.0,0,0,2455,1997.0
0,1,1,13.0,0,0,2456,0.0
0,1,2,16.0,0,1,2457,0.0
0,0,2,21.0,0,1,2458,702.0
0,1,1,28.0,0,1,2460,0.0
0,1,2,69.0,0,0,2461,0.0
0,1,1,15.0,0,0,2462,0.0
0,0,2,48.0,0,0,2463,70.0
0,0,2,42.0,0,0,2466,959.0
2,0,2,42.0,0,0,2467,1059.0
0,0,2,23.0,0,0,2470,706.0
0,0,2,26.0,0,0,2470,543.0
0,0,2,45.0,0,0,2471,908.0
0,0,2,30.0,0,0,2472,790.0
2,1,2,36.0,0,1,2474,0.0
1,0,2,24.0,0,0,2475,7243.0
0,0,2,35.0,0,0,2476,1265.0
1,1,2,21.0,0,1,2477,0.0
1,1,0,50.0,0,1,2477,0.0
0,1,2,52.0,0,0,2478,0.0
0,1,1,21.0,0,0,2479,0.0
0,0,0,41.0,0,0,2480,699.0
0,0,0,35.0,0,0,2483,2789.0
0,0,2,26.0,0,0,2486,775.0
0,0,2,17.0,0,0,2486,1997.0
2,0,2,69.0,0,0,2488,5508.0
1,1,2,27.0,0,1,2489,0.0
0,0,1,25.0,0,0,2491,4707.0
2,1,2,27.0,0,1,2492,0.0
0,0,2,25.0,0,0,2496,724.0
0,0,0,36.0,0,0,2497,652.0
0,0,2,14.0,0,0,2498,990.0
1,1,0,27.0,0,1,2499,0.0
0,0,2,22.0,0,0,2500,1798.0
0,0,2,24.0,0,0,2502,889.0
2,0,2,24.0,0,0,2503,1288.0
2,0,2,4.0,0,1,2503,0.0
0,0,2,19.0,0,0,2505,787.0
0,0,2,19.0,0,0,2505,788.0
0,0,0,38.0,0,0,2506,13558.0
1,1,0,39.0,0,1,2506,0.0
1,0,0,23.0,0,0,2506,3687.0
1,1,0,57.0,0,1,2508,0.0
1,1,2,18.0,0,1,2508,0.0
0,0,2,43.0,0,0,2509,1154.0
2,0,2,28.0,0,1,2510,1467.0
1,0,0,33.0,0,0,2512,16060.0
1,1,0,37.0,0,1,2512,0.0
0,0,2,28.0,0,0,2513,711.0
1,0,0,28.0,1,0,2515,8453.0
1,1,0,18.0,0,1,2515,0.0
0,0,0,29.0,0,0,2516,809.0
1,1,2,29.0,0,1,2518,0.0
1,1,0,28.0,0,1,2518,0.0
0,0,2,24.0,0,1,2519,1291.0
1,0,2,59.0,0,0,2520,6827.0
2,1,2,43.0,0,0,2521,0.0
2,1,2,20.0,0,1,2522,0.0
1,1,0,23.0,0,1,2523,0.0
1,1,0,27.0,0,1,2524,0.0
1,1,0,38.0,0,1,2526,0.0
0,1,1,38.0,0,1,2527,0.0
2,0,2,48.0,0,1,2528,1161.0
2,0,2,25.0,0,0,2530,1925.0
0,1,1,25.0,0,1,2531,0.0
2,0,2,24.0,0,0,2532,2456.0
2,1,2,69.0,0,1,2532,0.0
1,0,0,20.0,0,0,2534,2071.0
1,1,0,18.0,0,1,2534,0.0
0,1,2,28.0,0,0,2535,0.0
0,0,1,23.0,0,1,2537,685.0
2,0,2,24.0,0,0,2540,1378.0
1,0,2,44.0,0,0,2541,4421.0
2,0,2,29.0,0,0,2542,1020.0
1,0,0,6.0,0,1,2544,0.0
1,0,2,42.0,0,0,2544,3895.0
0,1,0,78.0,0,0,2545,0.0
0,0,2,36.0,0,0,2546,828.0
1,0,0,37.0,0,0,2547,2964.0
1,0,0,41.0,0,1,2547,17160.0
0,0,2,18.0,0,0,2548,907.0
2,0,2,62.0,0,0,2549,1700.0
2,0,2,0.0,0,1,2549,0.0
2,0,2,55.0,0,0,2549,1289.0
0,1,2,16.0,0,1,2550,0.0
0,0,2,32.0,0,0,2551,723.0
0,0,2,19.0,0,1,2552,1128.0
0,0,0,7.0,0,1,2552,0.0
0,0,0,4.0,0,1,2552,0.0
1,1,2,30.0,0,1,2553,0.0
1,1,0,24.0,0,1,2555,0.0
1,1,2,34.0,0,1,2555,0.0
1,1,2,30.0,0,1,2557,0.0
2,0,2,3.0,0,1,2558,0.0
2,0,2,32.0,0,1,2558,0.0
2,0,2,55.0,0,1,2558,1325.0
2,1,2,0.0,0,1,2558,0.0
1,0,2,51.0,0,0,2559,4537.0
0,1,1,0.0,0,1,2560,0.0
0,0,2,21.0,0,0,2560,882.0
0,0,2,2.0,0,0,2560,0.0
0,0,2,19.0,0,0,2561,788.0
2,1,2,24.0,0,1,2562,0.0
2,0,2,20.0,0,0,2562,2598.0
1,0,2,42.0,0,1,2564,3125.0
2,1,2,17.0,0,1,2565,0.0
2,0,2,32.0,0,0,2565,1360.0
0,0,2,28.0,0,1,2571,784.0
1,1,0,21.0,0,1,2572,0.0
1,1,0,56.0,1,1,2572,0.0
1,1,0,28.0,0,1,2573,0.0
0,0,2,42.0,0,0,2574,803.0
0,0,2,18.0,0,0,2578,2757.0
0,0,2,24.0,0,0,2580,721.0
0,0,2,20.0,0,0,2581,786.0
0,0,2,22.0,0,0,2581,759.0
0,0,2,22.0,0,0,2582,785.0
0,0,1,21.0,0,0,2584,0.0
0,0,2,28.0,0,1,2588,913.0
1,1,2,26.0,0,1,2589,0.0
1,1,0,50.0,0,1,2589,0.0
1,0,2,26.0,0,0,2589,11757.0
1,0,2,30.0,1,0,2589,3577.0
1,1,2,29.0,0,1,2589,0.0
0,0,2,8.0,0,0,2590,0.0
0,0,2,45.0,0,0,2590,839.0
0,1,1,35.0,0,1,2590,0.0
0,0,1,18.0,0,0,2591,636.0
0,0,2,23.0,0,0,2591,817.0
2,0,2,29.0,1,0,2592,861.0
2,0,2,18.0,0,0,2592,3739.0
0,0,2,28.0,0,0,2593,881.0
1,1,2,34.0,0,1,2594,0.0
2,0,0,0.0,0,1,2595,0.0
2,0,2,4.0,0,1,2595,0.0
2,0,2,28.0,0,0,2595,1056.0
2,0,2,8.0,0,1,2595,0.0
2,0,2,20.0,0,0,2596,3362.0
2,1,2,20.0,0,1,2596,0.0
2,1,2,25.0,0,1,2597,0.0
0,0,0,31.0,0,0,2597,2902.0
2,0,2,37.0,0,0,2598,2476.0
0,1,2,21.0,0,0,2599,0.0
2,1,2,24.0,0,1,2601,0.0
2,1,2,34.0,0,0,2602,0.0
2,0,0,0.0,0,1,2602,0.0
2,1,2,25.0,0,0,2602,0.0
2,1,0,43.0,0,1,2605,0.0
0,0,2,24.0,0,0,2606,901.0
0,0,2,45.0,0,0,2606,900.0
1,1,2,63.0,0,1,2607,0.0
1,1,2,17.0,0,1,2607,0.0
1,0,0,35.0,0,1,2607,2451.0
1,0,2,12.0,0,1,2607,0.0
0,1,1,24.0,0,1,2609,0.0
0,0,2,17.0,0,0,2616,822.0
0,0,1,32.0,0,0,2617,528.0
0,1,2,23.0,0,1,2618,0.0
0,0,0,17.0,0,0,2619,2000.0
0,0,0,34.0,0,0,2622,560.0
0,0,2,15.0,0,0,2624,878.0
0,1,2,14.0,0,1,2625,0.0
0,0,2,22.0,0,0,2625,1620.0
0,0,2,19.0,0,0,2626,716.0
0,0,1,40.0,0,0,2627,688.0
1,1,0,25.0,0,1,2628,0.0
1,0,0,51.0,0,0,2628,2158.0
0,0,2,22.0,0,0,2629,807.0
2,1,0,50.0,0,1,2631,0.0
0,0,0,26.0,0,0,2633,0.0
2,1,2,39.0,0,1,2634,0.0
2,0,2,18.0,0,1,2635,1968.0
0,0,2,22.0,0,0,2636,808.0
0,0,2,26.0,0,0,2638,788.0
0,0,2,19.0,0,0,2640,1051.0
0,1,1,16.0,0,0,2641,0.0
0,0,2,24.0,0,0,2642,810.0
0,0,1,34.0,0,0,2643,867.0
1,0,2,55.0,0,1,2645,3710.0
1,0,2,42.0,0,0,2645,15601.0
1,1,2,14.0,0,1,2645,0.0
1,0,0,28.0,0,1,2645,6045.0
1,1,0,26.0,0,1,2645,0.0
1,0,0,33.0,0,0,2646,9834.0
0,0,2,24.0,0,0,2647,704.0
0,0,2,23.0,0,0,2648,809.0
2,0,2,16.0,0,0,2649,2717.0
0,1,2,36.0,0,0,2650,0.0
1,1,0,44.0,0,1,2651,0.0
0,0,2,22.0,0,1,2652,702.0
0,1,2,30.0,0,0,2655,0.0
0,0,2,20.0,0,0,2657,715.0
0,0,2,21.0,0,0,2658,2429.0
2,0,2,14.0,0,1,2659,0.0
0,0,2,27.0,0,0,2660,1217.0
0,0,2,19.0,0,0,2661,758.0
0,1,2,21.0,0,1,2661,0.0
2,0,0,24.0,0,0,2662,2663.0
0,0,0,13.0,0,1,2663,815.0
2,1,1,71.0,0,1,2664,0.0
2,1,2,28.0,0,0,2666,0.0
2,0,0,18.0,0,0,2666,2134.0
0,0,0,23.0,0,0,2668,2902.0
0,0,0,34.0,0,0,2668,705.0
0,0,2,20.0,0,0,2670,809.0
0,0,0,17.0,0,0,2671,797.0
0,0,1,21.0,0,0,2672,1277.0
1,0,2,33.0,0,1,2675,6802.0
1,0,0,34.0,0,1,2676,6790.0
1,0,2,51.0,0,0,2677,2338.0
0,0,2,21.0,0,1,2678,690.0
0,1,2,24.0,0,0,2679,0.0
0,0,2,31.0,0,0,2682,888.0
1,0,2,36.0,0,1,2683,1303.0
1,0,2,39.0,0,0,2684,21839.0
0,0,2,26.0,0,0,2685,907.0
0,0,2,51.0,0,1,2687,1390.0
0,0,2,24.0,0,0,2688,797.0
0,0,0,27.0,0,1,2690,719.0
0,0,2,31.0,0,0,2691,803.0
0,0,2,24.0,0,0,2692,716.0
1,0,2,57.0,0,0,2693,2979.0
1,0,0,36.0,1,0,2693,2195.0
1,0,2,55.0,0,0,2693,3133.0
1,1,0,24.0,0,0,2693,0.0
2,0,2,18.0,0,0,2695,955.0
2,0,2,27.0,0,0,2697,2384.0
1,0,2,50.0,0,0,2698,4588.0
0,0,2,24.0,0,0,2700,714.0
0,1,1,20.0,0,1,2701,0.0
0,1,2,24.0,0,1,2702,0.0
0,0,2,18.0,0,0,2703,627.0
0,0,2,44.0,0,0,2704,1527.0
1,1,0,27.0,0,1,2706,0.0
1,0,2,58.0,0,1,2707,3467.0
1,1,1,29.0,0,1,2707,0.0
0,0,1,23.0,0,1,2708,600.0
2,1,2,3.0,0,1,2709,0.0
2,0,2,0.0,0,1,2709,0.0
2,0,2,33.0,0,0,2709,2364.0
2,0,2,12.0,0,1,2709,0.0
1,1,2,44.0,0,1,2712,0.0
0,1,2,20.0,0,1,2713,0.0
0,0,0,59.0,0,0,2714,2057.0
0,0,2,18.0,0,0,2717,888.0
1,1,2,72.0,0,1,2718,0.0
0,0,1,23.0,0,0,2720,3560.0
0,0,2,11.0,0,0,2720,0.0
0,1,2,1.0,0,1,2720,0.0
0,0,1,25.0,0,0,2721,826.0
2,1,0,25.0,0,1,2722,0.0
1,1,2,24.0,0,1,2723,0.0
1,0,2,54.0,0,1,2723,6790.0
2,1,0,17.0,0,1,2724,0.0
2,0,2,48.0,0,0,2724,1286.0
0,0,2,40.0,0,0,2725,634.0
0,1,2,2.0,0,0,2726,0.0
0,0,2,32.0,0,0,2727,867.0
0,1,2,15.0,0,1,2729,0.0
0,1,2,52.0,0,1,2730,0.0
0,0,2,16.0,0,0,2730,2921.0
0,1,2,16.0,0,1,2730,0.0
0,1,0,16.0,0,1,2732,0.0
0,0,0,6.0,0,0,2732,0.0
2,0,2,10.0,0,1,2734,0.0
2,0,2,27.0,1,0,2736,1737.0
1,0,0,45.0,0,1,2737,2264.0
1,0,2,26.0,0,0,2737,6771.0
2,0,2,29.0,0,0,2738,1049.0
0,1,1,38.0,0,1,2739,0.0
0,0,2,19.0,0,1,2740,505.0
2,0,2,43.0,0,0,2741,1298.0
0,0,2,15.0,0,0,2743,759.0
2,0,2,31.0,0,0,2745,1821.0
2,0,2,52.0,0,0,2746,1119.0
2,0,2,49.0,0,1,2747,0.0
0,0,0,29.0,0,1,2748,691.0
0,0,2,18.0,0,1,2750,790.0
2,1,2,41.0,0,1,2751,0.0
0,0,2,9.0,0,0,2752,0.0
0,1,1,24.0,0,0,2752,0.0
0,0,2,58.0,0,1,2752,840.0
0,0,1,39.0,0,0,2753,907.0
0,0,2,13.0,0,0,2754,986.0
1,1,0,36.0,0,1,2755,0.0
2,0,0,23.0,0,0,2756,1141.0
0,1,1,24.0,0,1,2758,0.0
0,0,2,33.0,0,0,2759,994.0
0,0,2,18.0,0,0,2760,0.0
0,1,2,2.0,0,0,2760,0.0
0,1,2,0.0,0,1,2760,0.0
0,0,2,36.0,0,0,2762,885.0
0,0,0,15.0,0,0,2762,444.0
0,0,2,31.0,0,1,2763,859.0
0,0,2,42.0,0,1,2764,1588.0
2,0,2,27.0,0,0,2765,1503.0
0,0,2,36.0,0,1,2768,133.0
0,0,2,0.0,0,0,2768,0.0
0,1,2,3.0,0,0,2768,0.0
0,0,1,22.0,0,0,2769,1029.0
0,0,2,56.0,0,0,2770,1817.0
0,0,2,23.0,0,0,2772,757.0
2,0,2,25.0,0,0,2773,1056.0
0,0,2,29.0,0,0,2774,703.0
0,0,2,17.0,0,0,2774,1226.0
0,0,2,13.0,0,0,2774,967.0
2,0,2,35.0,0,1,2778,2715.0
2,1,0,53.0,0,1,2778,0.0
0,0,2,24.0,0,0,2780,716.0
0,1,2,38.0,0,0,2781,0.0
1,1,0,21.0,0,1,2783,0.0
1,0,0,29.0,0,0,2783,3029.0
0,0,2,46.0,0,1,2784,1721.0
1,1,2,58.0,0,1,2785,0.0
0,0,1,53.0,0,1,2786,689.0
0,0,0,21.0,0,0,2787,1176.0
0,1,1,27.0,0,0,2788,0.0
0,1,2,31.0,0,0,2789,0.0
1,1,0,23.0,0,1,2790,0.0
1,0,0,41.0,0,0,2790,6017.0
1,0,2,29.0,0,0,2790,2341.0
1,0,0,54.0,0,0,2790,4726.0
1,0,0,43.0,0,1,2790,10859.0
0,1,1,36.0,0,1,2792,0.0
0,0,2,48.0,0,1,2793,872.0
1,0,2,34.0,0,1,2795,5687.0
1,0,2,42.0,0,0,2795,4095.0
0,0,0,17.0,0,0,2796,863.0
0,0,2,22.0,0,0,2797,1345.0
1,0,2,37.0,0,0,2798,3527.0
1,1,0,38.0,0,1,2798,0.0
0,0,2,21.0,0,0,2799,884.0
0,1,1,23.0,0,1,2799,0.0
1,0,2,27.0,0,0,2801,17529.0
0,0,2,23.0,0,1,2802,2735.0
0,0,2,19.0,0,0,2805,634.0
2,0,2,28.0,0,0,2806,1182.0
0,0,2,33.0,0,0,2807,996.0
0,1,1,24.0,0,0,2807,0.0
0,1,2,0.0,0,1,2807,0.0
0,1,2,41.0,0,1,2809,0.0
0,1,2,19.0,0,0,2810,0.0
0,0,2,44.0,0,0,2811,871.0
2,0,0,43.0,0,1,2812,1307.0
0,1,2,14.0,0,1,2813,0.0
0,1,1,18.0,0,1,2814,0.0
0,0,2,25.0,0,0,2817,1159.0
2,0,2,0.0,0,1,2818,0.0
2,1,0,4.0,0,1,2818,0.0
2,0,2,24.0,0,1,2818,1148.0
0,0,2,38.0,0,0,2819,716.0
0,1,2,44.0,0,1,2820,0.0
0,1,0,57.0,0,1,2821,0.0
0,1,0,3.0,0,1,2822,0.0
0,0,2,5.0,0,0,2822,0.0
0,1,0,3.0,0,1,2822,0.0
0,1,2,18.0,0,1,2822,0.0
0,1,2,8.0,0,0,2822,0.0
2,1,2,21.0,0,1,2823,0.0
1,1,0,35.0,0,1,2824,0.0
2,0,2,47.0,0,1,2825,0.0
1,0,0,28.0,0,0,2826,4863.0
1,0,2,49.0,0,0,2826,13012.0
1,0,2,23.0,0,1,2831,2798.0
1,0,2,19.0,0,0,2831,2141.0
0,0,2,34.0,0,0,2832,787.0
1,0,2,40.0,1,1,2834,3511.0
1,0,0,26.0,1,0,2835,5792.0
0,0,1,23.0,0,0,2837,1922.0
2,0,2,22.0,0,0,2838,0.0
1,0,2,51.0,0,1,2839,4082.0
0,0,0,44.0,0,0,2840,692.0
2,0,2,50.0,0,0,2843,1014.0
0,1,2,28.0,0,1,2846,0.0
0,1,2,13.0,0,1,2847,0.0
0,0,2,21.0,0,0,2852,620.0
0,0,2,20.0,0,1,2853,924.0
0,0,0,14.0,0,0,2854,1515.0
1,0,0,38.0,0,0,2856,5064.0
0,0,1,29.0,0,0,2857,671.0
1,1,2,36.0,0,1,2858,0.0
1,1,2,16.0,0,1,2858,0.0
1,1,2,40.0,0,1,2858,0.0
1,1,0,24.0,0,1,2859,0.0
0,0,1,18.0,0,1,2860,1306.0
0,0,2,17.0,0,1,2861,761.0
2,1,2,32.0,0,1,2862,0.0
0,0,2,27.0,0,0,2863,852.0
2,0,2,34.0,0,0,2865,3015.0
2,0,2,53.0,0,1,2865,962.0
1,1,2,36.0,1,1,2866,0.0
2,0,2,41.0,0,0,2867,1719.0
2,0,2,51.0,0,0,2867,953.0
0,1,1,61.0,0,1,2869,0.0
0,0,2,59.0,0,1,2870,922.0
1,1,2,17.0,0,1,2871,0.0
1,1,2,27.0,0,1,2871,0.0
0,0,1,57.0,0,1,2872,1798.0
2,0,0,39.0,0,0,2873,2150.0
1,1,0,55.0,0,1,2875,0.0
0,0,2,42.0,0,0,2876,852.0
0,0,2,36.0,0,0,2877,803.0
2,0,2,42.0,0,1,2878,3701.0
0,1,1,32.0,0,0,2880,0.0
0,0,0,6.0,0,0,2881,0.0
0,1,2,15.0,0,0,2882,0.0
0,0,2,28.0,0,1,2883,1375.0
2,0,2,37.0,0,0,2884,912.0
0,0,2,44.0,0,0,2887,809.0
2,0,2,71.0,1,0,2888,2599.0
1,0,2,44.0,0,0,2890,3801.0
1,1,2,36.0,0,1,2890,0.0
0,0,2,18.0,0,0,2891,909.0
0,0,1,3.0,0,1,2892,0.0
0,1,0,12.0,0,0,2892,0.0
0,1,0,0.0,0,1,2892,0.0
0,0,2,29.0,0,0,2892,1311.0
0,0,2,9.0,0,0,2892,0.0
0,0,0,27.0,0,0,2893,1793.0
0,0,1,24.0,0,0,2894,688.0
0,0,2,38.0,0,1,2897,845.0
2,0,2,28.0,0,0,2899,1493.0
2,1,2,26.0,0,1,2900,0.0
0,0,2,16.0,0,0,2901,1001.0
0,0,1,24.0,0,1,2901,734.0
0,0,2,33.0,0,0,2902,883.0
0,0,0,24.0,0,0,2905,489.0
0,0,2,29.0,0,0,2906,812.0
0,0,2,25.0,0,1,2907,2019.0
0,0,2,0.0,0,0,2908,0.0
0,0,2,13.0,0,0,2908,918.0
0,1,0,7.0,0,0,2909,0.0
0,0,1,32.0,0,0,2910,736.0
2,1,2,34.0,0,0,2912,0.0
2,0,2,49.0,0,0,2913,2597.0
2,0,2,43.0,0,1,2919,2708.0
2,0,2,0.0,0,1,2919,0.0
2,1,2,6.0,0,1,2919,0.0
0,0,2,23.0,0,1,2920,748.0
2,0,2,43.0,0,1,2925,1158.0
2,1,0,23.0,0,1,2925,0.0
2,0,2,43.0,0,0,2926,1505.0
2,1,0,41.0,0,1,2927,0.0
1,0,0,54.0,1,0,2928,3701.0
1,1,2,51.0,0,1,2928,0.0
1,1,2,44.0,0,1,2928,0.0
0,1,1,48.0,0,1,2929,0.0
0,0,2,45.0,0,0,2930,882.0
0,0,1,20.0,0,0,2934,689.0
1,0,2,33.0,0,0,2935,7412.0
0,0,2,21.0,0,0,2936,446.0
1,1,2,68.0,0,1,2938,0.0
0,0,1,23.0,0,1,2940,683.0
0,0,2,16.0,0,0,2941,754.0
0,0,2,35.0,0,0,2942,879.0
0,1,2,22.0,0,0,2943,0.0
0,0,2,51.0,0,0,2944,802.0
0,0,1,2.0,0,0,2944,0.0
0,1,0,29.0,0,0,2944,0.0
0,0,2,0.0,0,1,2944,0.0
0,1,0,39.0,0,1,2945,0.0
1,0,2,55.0,0,1,2948,3675.0
0,1,2,22.0,0,0,2949,0.0
0,0,2,20.0,0,0,2950,689.0
0,0,0,25.0,0,1,2953,643.0
0,0,0,18.0,0,1,2954,652.0
0,0,1,28.0,0,0,2956,1833.0
0,0,2,26.0,0,0,2958,3137.0
0,0,1,28.0,0,0,2959,1548.0
0,0,2,54.0,0,0,2960,0.0
0,0,2,56.0,0,0,2961,778.0
2,0,2,25.0,0,0,2962,1360.0
1,0,2,26.0,0,0,2964,11481.0
0,0,2,14.0,0,0,2965,970.0
0,0,2,21.0,0,1,2966,826.0
0,1,2,43.0,0,1,2968,0.0
0,0,2,37.0,0,0,2969,807.0
0,0,2,24.0,0,0,2970,829.0
1,0,2,38.0,0,1,2971,3164.0
0,0,2,14.0,0,1,2972,1632.0
0,0,1,20.0,0,0,2975,595.0
1,0,2,33.0,0,0,2979,0.0
1,1,0,33.0,0,1,2982,0.0
0,0,2,13.0,0,1,2983,841.0
1,0,2,37.0,0,0,2984,4324.0
2,0,2,15.0,0,0,2986,9597.0
1,0,0,33.0,0,0,2988,6932.0
0,1,1,24.0,0,1,2990,0.0
0,0,1,49.0,0,0,2992,688.0
0,0,2,24.0,0,0,2993,2087.0
0,0,2,24.0,0,0,2994,790.0
1,1,0,26.0,0,1,2995,0.0
1,1,0,40.0,0,1,2995,0.0
0,0,0,31.0,0,0,2996,639.0
1,0,2,47.0,0,1,2998,5676.0
0,0,2,19.0,0,0,3000,737.0
1,0,0,38.0,1,0,3001,6361.0
1,0,0,33.0,0,1,3001,3310.0
1,1,2,45.0,0,1,3003,0.0
0,1,2,1.0,0,1,3004,0.0
0,0,2,32.0,0,0,3004,797.0
2,1,2,70.0,0,1,3005,0.0
0,0,1,19.0,0,0,3006,755.0
2,1,1,55.0,0,1,3009,0.0
1,0,2,48.0,0,0,3010,16113.0
0,0,2,66.0,0,0,3012,1194.0
0,0,2,13.0,0,0,3013,872.0
1,0,0,40.0,0,0,3014,8056.0
0,0,2,35.0,0,1,3015,1624.0
0,0,2,32.0,0,0,3018,690.0
2,0,2,51.0,0,0,3019,2099.0
1,0,2,37.0,0,0,3020,8979.0
0,0,2,31.0,0,0,3021,883.0
0,0,2,37.0,0,0,3021,2251.0
1,0,2,38.0,0,0,3022,7113.0
1,0,0,19.0,0,0,3022,3795.0
2,1,2,33.0,0,1,3023,0.0
0,0,2,19.0,0,1,3024,1939.0
0,0,2,31.0,0,1,3025,927.0
0,0,2,43.0,0,0,3025,704.0
0,1,2,22.0,0,0,3026,0.0
0,1,2,24.0,0,0,3027,0.0
1,0,0,21.0,0,0,3029,3104.0
1,0,2,14.0,0,1,3029,0.0
1,0,0,30.0,0,1,3030,5131.0
1,1,2,22.0,0,1,3030,0.0
0,0,2,11.0,0,0,3032,0.0
0,1,2,4.0,0,0,3032,0.0
0,0,2,0.0,0,0,3032,0.0
0,0,2,30.0,0,0,3032,1442.0
0,0,1,21.0,0,0,3033,1721.0
1,0,2,40.0,0,0,3034,0.0
0,0,1,57.0,0,0,3036,685.0
2,0,2,35.0,0,0,3038,1228.0
1,0,2,32.0,0,0,3039,0.0
2,0,2,32.0,0,0,3040,2623.0
0,0,2,30.0,0,0,3042,738.0
0,0,2,69.0,0,0,3044,716.0
0,1,2,21.0,0,0,3045,0.0
2,1,1,17.0,0,1,3047,0.0
2,0,2,16.0,0,0,3047,1049.0
2,1,2,25.0,0,0,3048,0.0
1,0,2,25.0,0,1,3050,5152.0
1,0,0,52.0,0,0,3053,11788.0
0,0,2,13.0,0,0,3054,966.0
0,0,2,37.0,0,0,3055,1127.0
2,0,2,13.0,0,0,3060,764.0
2,0,2,45.0,0,0,3060,3319.0
2,0,2,55.0,0,0,3060,0.0
0,0,2,22.0,0,0,3061,729.0
0,0,2,39.0,0,0,3061,1817.0
2,0,2,35.0,0,0,3062,808.0
0,1,1,19.0,0,1,3063,0.0
0,1,2,7.0,0,1,3063,0.0
0,0,2,19.0,0,0,3063,705.0
0,1,2,21.0,0,1,3064,0.0
1,0,0,37.0,0,1,3065,4072.0
0,0,2,35.0,0,0,3066,1609.0
0,1,2,22.0,0,1,3067,0.0
0,0,2,62.0,0,0,3068,839.0
0,1,2,41.0,0,1,3070,0.0
1,1,2,16.0,0,1,3071,0.0
1,0,2,26.0,0,0,3071,6052.0
2,1,2,36.0,0,1,3073,0.0
0,1,1,24.0,0,1,3076,0.0
0,0,0,22.0,0,0,3079,652.0
0,0,2,40.0,0,0,3080,824.0
1,0,0,50.0,0,1,3081,3332.0
1,1,2,57.0,0,1,3081,0.0
0,0,1,15.0,0,1,3082,1824.0
1,0,0,23.0,0,0,3083,3098.0
2,1,0,60.0,0,1,3084,0.0
0,0,2,73.0,0,0,3085,709.0
0,0,2,35.0,0,1,3087,0.0
1,0,2,28.0,0,0,3088,0.0
1,0,2,27.0,1,1,3090,6864.0
1,0,2,14.0,0,0,3091,9190.0
1,1,2,26.0,0,1,3091,0.0
0,0,2,22.0,0,0,3092,845.0
2,0,0,22.0,0,1,3093,3699.0
2,0,1,71.0,0,0,3095,2227.0
2,0,0,25.0,0,1,3096,827.0
2,1,2,27.0,0,1,3099,0.0
0,0,2,1.0,0,0,3100,0.0
0,0,2,52.0,0,1,3100,809.0
0,1,2,0.0,0,1,3100,0.0
1,1,0,30.0,0,1,3102,0.0
1,0,2,52.0,1,0,3103,16589.0
0,0,2,12.0,0,1,3104,0.0
0,1,2,22.0,0,1,3104,0.0
0,0,2,24.0,0,1,3110,715.0
2,0,2,22.0,0,0,3111,1182.0
0,1,1,15.0,0,0,3112,0.0
2,1,2,21.0,0,1,3113,0.0
2,1,0,56.0,0,1,3113,0.0
2,0,2,50.0,0,0,3114,1779.0
0,0,2,20.0,0,0,3116,804.0
0,0,2,32.0,0,0,3117,927.0
0,1,2,28.0,0,0,3118,0.0
0,0,2,74.0,0,0,3119,848.0
2,1,2,25.0,0,1,3120,0.0
2,0,2,31.0,0,0,3120,1048.0
0,1,1,6.0,0,1,3121,0.0
0,1,2,17.0,0,1,3123,0.0
2,1,2,12.0,0,1,3124,0.0
2,0,2,47.0,0,1,3124,1437.0
2,1,2,46.0,0,1,3124,0.0
1,0,0,31.0,0,1,3126,5542.0
1,0,2,36.0,0,1,3126,0.0
0,0,0,15.0,0,0,3128,4181.0
2,0,2,38.0,0,0,3130,1504.0
0,1,0,48.0,0,1,3131,0.0
0,1,2,21.0,0,1,3131,0.0
0,1,2,4.0,0,1,3131,0.0
2,1,2,31.0,0,1,3132,0.0
0,0,1,31.0,0,0,3133,534.0
1,0,1,62.0,1,1,3134,6035.0
0,1,2,29.0,0,1,3136,0.0
0,0,2,30.0,0,0,3138,3967.0
2,0,2,26.0,0,0,3140,955.0
2,0,2,43.0,0,0,3142,1225.0
2,0,2,32.0,0,0,3142,1158.0
2,1,0,24.0,0,1,3143,0.0
2,1,2,49.0,0,1,3145,0.0
0,0,2,21.0,0,1,3147,732.0
0,0,2,18.0,0,1,3149,809.0
0,1,2,18.0,0,1,3149,0.0
0,1,2,14.0,0,0,3152,0.0
2,0,2,21.0,0,0,3158,2708.0
2,1,0,25.0,0,1,3159,0.0
1,0,0,56.0,0,0,3161,5592.0
0,0,2,0.0,0,1,3162,0.0
0,0,2,55.0,0,0,3162,2414.0
0,1,2,14.0,0,0,3162,0.0
2,0,2,13.0,0,0,3163,1444.0
2,0,0,43.0,0,0,3163,1905.0
0,1,2,39.0,0,0,3164,0.0
2,1,2,24.0,0,1,3166,0.0
0,0,2,24.0,0,1,3168,559.0
0,0,2,26.0,0,1,3169,634.0
0,1,0,22.0,0,1,3171,0.0
0,0,2,26.0,0,0,3172,1357.0
2,0,2,19.0,0,1,3174,1790.0
2,1,2,38.0,0,1,3174,0.0
1,1,0,38.0,0,1,3175,0.0
1,0,2,77.0,0,1,3176,10624.0
0,0,0,28.0,0,0,3179,2840.0
0,0,2,22.0,0,0,3180,716.0
0,0,2,20.0,0,0,3181,791.0
0,0,2,18.0,0,1,3182,699.0
1,0,0,10.0,0,1,3184,0.0
1,1,0,34.0,0,1,3184,0.0
0,0,2,43.0,0,0,3185,1979.0
2,1,0,31.0,0,0,3188,0.0
2,1,0,40.0,0,1,3189,0.0
2,0,2,25.0,0,0,3189,1299.0
2,1,2,68.0,0,1,3191,0.0
0,0,2,20.0,0,0,3192,147.0
2,0,2,27.0,1,1,3193,1158.0
0,0,2,1.0,0,0,3195,0.0
0,0,1,60.0,0,0,3195,616.0
0,0,0,28.0,0,1,3195,706.0
0,0,1,11.0,0,0,3195,0.0
0,0,0,0.0,0,0,3195,0.0
0,1,2,9.0,0,0,3195,0.0
2,0,2,38.0,0,0,3196,2599.0
0,0,0,18.0,0,0,3197,588.0
0,0,2,40.0,0,0,3200,1457.0
0,0,2,21.0,0,0,3201,739.0
0,1,2,24.0,0,0,3203,0.0
1,0,2,26.0,0,0,3204,3344.0
1,0,2,47.0,0,0,3204,7883.0
1,0,2,46.0,0,0,3204,9473.0
0,1,0,55.0,0,1,3205,0.0
0,0,2,50.0,0,0,3206,887.0
2,1,2,10.0,0,1,3209,0.0
1,0,0,17.0,0,0,3210,3692.0
1,0,0,20.0,0,0,3210,4456.0
1,0,2,37.0,0,0,3210,5396.0
0,0,2,24.0,0,0,3211,2667.0
0,0,0,43.0,0,0,3211,888.0
0,0,2,0.0,0,0,3211,0.0
0,0,2,24.0,0,0,3212,1669.0
2,0,2,22.0,0,0,3213,1766.0
0,1,2,14.0,0,1,3215,0.0
0,1,2,3.0,0,1,3216,0.0
0,1,0,22.0,0,1,3216,0.0
0,0,2,23.0,0,1,3216,1609.0
2,0,2,56.0,0,0,3217,1014.0
0,0,2,36.0,0,1,3218,722.0
0,0,0,58.0,0,0,3218,574.0
0,0,2,1.0,0,0,3218,0.0
2,1,2,39.0,0,0,3219,0.0
0,0,2,33.0,0,0,3220,784.0
0,0,1,19.0,0,0,3221,616.0
0,0,2,24.0,0,0,3223,852.0
0,0,2,33.0,0,1,3224,1052.0
1,1,0,17.0,0,1,3225,0.0
1,0,2,28.0,0,1,3225,3690.0
0,0,2,21.0,0,0,3227,882.0
1,0,2,45.0,0,1,3229,3945.0
2,1,2,62.0,0,1,3230,0.0
2,1,2,43.0,0,1,3232,0.0
0,0,2,27.0,0,0,3235,1500.0
0,1,0,1.0,0,1,3236,0.0
0,0,2,31.0,0,0,3236,1448.0
0,0,2,18.0,0,0,3236,791.0
2,0,2,21.0,0,0,3237,1766.0
2,0,2,7.0,0,1,3237,0.0
2,0,2,22.0,0,0,3237,3362.0
2,1,2,26.0,0,0,3238,0.0
0,1,2,30.0,0,1,3239,0.0
0,0,2,17.0,0,0,3240,791.0
0,1,2,24.0,0,0,3241,0.0
0,0,0,10.0,0,0,3243,0.0
0,0,2,25.0,0,0,3247,788.0
0,0,2,21.0,0,0,3248,0.0
0,0,0,53.0,0,0,3252,2293.0
0,0,2,21.0,0,0,3253,753.0
1,0,2,28.0,0,1,3254,3994.0
0,1,1,20.0,0,1,3255,0.0
1,1,0,54.0,0,1,3256,0.0
0,1,2,9.0,0,0,3258,0.0
0,0,2,20.0,0,0,3259,1881.0
0,0,2,19.0,0,0,3260,864.0
0,0,2,32.0,0,0,3262,632.0
2,0,2,22.0,0,0,3268,0.0
1,0,0,35.0,0,1,3269,7986.0
0,0,2,26.0,0,1,3270,627.0
0,1,2,51.0,0,0,3271,0.0
0,0,0,8.0,0,1,3271,0.0
0,0,2,40.0,0,1,3272,895.0
0,1,0,2.0,0,1,3272,0.0
0,1,1,19.0,0,0,3273,0.0
0,1,2,32.0,0,1,3274,0.0
0,0,0,16.0,0,0,3274,1800.0
0,0,2,64.0,0,0,3274,908.0
0,0,0,35.0,0,1,3275,632.0
1,0,2,33.0,0,0,3276,1277.0
1,0,0,9.0,0,1,3279,0.0
1,1,2,21.0,0,1,3279,0.0
1,1,2,28.0,0,1,3279,0.0
1,1,2,28.0,0,1,3279,0.0
0,1,1,31.0,0,1,3280,0.0
0,0,0,32.0,0,0,3280,1359.0
1,1,0,43.0,0,1,3282,0.0
1,1,2,60.0,0,1,3282,0.0
1,0,2,43.0,0,1,3282,1675.0
0,0,2,43.0,0,0,3283,804.0
0,0,2,19.0,0,0,3283,697.0
0,0,2,21.0,0,0,3283,784.0
0,0,2,38.0,0,0,3283,846.0
0,1,1,17.0,0,1,3284,0.0
0,1,1,29.0,0,1,3284,0.0
0,0,1,2.0,0,1,3287,0.0
0,0,2,22.0,0,1,3287,770.0
0,0,0,18.0,0,0,3287,639.0
0,1,2,16.0,0,1,3289,0.0
1,1,2,52.0,0,1,3292,0.0
1,0,0,52.0,0,0,3292,16771.0
1,1,0,14.0,0,1,3292,0.0
1,0,2,25.0,1,1,3292,0.0
1,1,2,34.0,0,1,3292,0.0
2,0,2,20.0,0,1,3293,1468.0
0,1,1,28.0,0,1,3294,0.0
0,1,2,24.0,0,0,3294,0.0
0,0,0,20.0,0,0,3295,4393.0
0,0,0,44.0,0,1,3296,738.0
0,0,2,64.0,0,0,3297,1103.0
0,0,2,27.0,0,1,3298,902.0
0,0,2,24.0,0,0,3299,0.0
2,1,2,38.0,0,1,3300,0.0
2,0,2,47.0,0,0,3300,1774.0
0,1,0,8.0,0,1,3301,0.0
0,0,2,1.0,0,1,3301,0.0
0,0,0,0.0,0,1,3301,0.0
0,0,2,20.0,0,1,3301,0.0
1,1,2,41.0,0,1,3304,0.0
2,1,2,35.0,0,0,3305,0.0
2,0,0,31.0,0,0,3305,1264.0
0,0,1,14.0,0,0,3308,672.0
0,0,2,25.0,0,0,3309,812.0
1,1,2,26.0,0,1,3310,0.0
1,0,2,26.0,0,0,3311,2340.0
1,0,2,30.0,0,0,3312,4810.0
1,1,0,49.0,0,1,3313,0.0
0,0,2,19.0,0,0,3314,645.0
0,0,2,15.0,0,0,3315,2140.0
0,0,2,27.0,0,0,3317,1765.0
1,0,2,39.0,0,1,3318,1380.0
1,1,0,32.0,0,1,3318,0.0
1,0,2,11.0,0,1,3318,0.0
1,1,2,44.0,0,1,3318,0.0
1,1,2,36.0,0,1,3318,0.0
0,0,2,56.0,0,0,3319,908.0
0,1,2,42.0,0,1,3322,0.0
1,1,0,40.0,0,1,3323,0.0
1,1,0,53.0,0,1,3323,0.0
2,1,2,31.0,0,1,3324,0.0
2,1,2,14.0,0,1,3324,0.0
0,1,1,31.0,0,1,3325,0.0
0,0,2,42.0,0,0,3326,1523.0
0,0,2,32.0,0,0,3327,772.0
0,0,2,34.0,0,0,3328,901.0
0,1,2,55.0,0,1,3329,0.0
2,0,2,42.0,0,0,3330,1768.0
0,0,2,40.0,0,1,3331,803.0
2,0,0,48.0,0,0,3332,1954.0
2,1,2,37.0,0,1,3332,0.0
2,1,0,17.0,0,1,3332,0.0
2,1,2,60.0,0,1,3336,0.0
1,1,0,19.0,0,1,3337,0.0
1,0,2,30.0,0,0,3337,8152.0
1,0,2,32.0,0,0,3337,3886.0
0,1,1,28.0,0,1,3338,0.0
0,1,2,26.0,0,0,3339,0.0
0,1,2,24.0,0,1,3342,0.0
0,1,0,47.0,0,0,3343,0.0
0,0,2,32.0,0,0,3348,789.0
1,1,2,73.0,1,1,3349,0.0
0,0,2,17.0,0,1,3350,2129.0
0,1,1,47.0,0,0,3352,0.0
1,0,2,24.0,0,0,3353,12528.0
1,1,0,13.0,0,1,3353,0.0
1,0,2,22.0,0,0,3353,6128.0
1,0,2,61.0,0,1,3353,4548.0
1,0,0,19.0,0,1,3353,7965.0
1,0,2,45.0,0,1,3353,3382.0
0,1,1,18.0,0,0,3357,0.0
0,0,2,32.0,0,0,3359,812.0
1,0,2,52.0,1,1,3360,3288.0
2,1,2,25.0,0,1,3361,0.0
2,1,2,9.0,0,1,3361,0.0
2,1,2,18.0,0,1,3361,0.0
0,0,1,26.0,0,0,3361,801.0
0,0,2,20.0,0,0,3363,1608.0
0,0,2,6.0,0,1,3363,0.0
0,0,1,5.0,0,0,3363,0.0
1,0,0,40.0,0,0,3364,1851.0
0,1,1,20.0,0,1,3365,0.0
2,0,2,18.0,0,0,3370,2578.0
0,0,2,42.0,0,0,3371,902.0
0,1,1,14.0,0,1,3372,0.0
2,1,2,33.0,0,1,3377,0.0
0,0,0,23.0,0,0,3380,681.0
0,1,2,35.0,0,0,3381,0.0
0,0,1,53.0,0,0,3382,726.0
0,1,2,56.0,0,1,3382,0.0
0,0,0,35.0,0,0,3383,757.0
0,0,2,18.0,0,0,3384,864.0
0,0,2,25.0,0,0,3384,995.0
0,1,0,20.0,0,1,3384,0.0
2,1,2,44.0,0,1,3386,0.0
0,1,2,26.0,0,0,3387,0.0
2,0,2,23.0,0,1,3389,1289.0
2,1,2,39.0,0,1,3390,0.0
1,1,2,25.0,0,1,3391,0.0
1,0,0,42.0,0,0,3391,2871.0
0,0,2,20.0,0,1,3392,886.0
0,1,2,4.0,0,1,3392,0.0
0,1,2,64.0,0,1,3392,0.0
0,0,2,0.0,0,1,3392,0.0
0,0,1,19.0,0,1,3394,736.0
0,0,0,6.0,0,0,3395,0.0
1,1,2,23.0,0,1,3396,0.0
0,0,2,22.0,0,0,3397,397.0
0,0,2,18.0,0,1,3401,1435.0
2,0,2,21.0,0,0,3402,1048.0
0,0,1,37.0,0,1,3403,768.0
0,1,0,24.0,0,1,3404,0.0
0,1,2,38.0,0,0,3405,0.0
0,0,2,11.0,0,1,3405,0.0
0,0,0,6.0,0,0,3405,0.0
1,0,2,49.0,0,0,3406,4588.0
1,0,2,55.0,0,0,3406,12238.0
0,1,2,15.0,0,1,3408,0.0
0,0,2,19.0,0,0,3409,759.0
0,1,2,16.0,0,1,3410,0.0
1,0,2,48.0,0,0,3412,7994.0
1,1,0,25.0,0,1,3412,0.0
1,0,2,23.0,0,1,3412,6773.0
0,1,1,27.0,0,0,3413,0.0
0,0,2,39.0,0,0,3415,864.0
0,0,2,28.0,0,1,3417,1380.0
2,1,2,72.0,0,1,3418,0.0
2,0,2,47.0,0,0,3419,2384.0
0,1,2,65.0,0,0,3420,0.0
0,0,1,40.0,0,0,3421,685.0
1,0,0,18.0,0,1,3422,0.0
1,1,2,27.0,0,1,3422,0.0
0,1,2,21.0,0,1,3423,0.0
0,0,2,37.0,0,0,3424,991.0
1,0,2,31.0,0,0,3425,2591.0
0,0,2,33.0,0,0,3426,807.0
1,1,0,53.0,0,1,3428,0.0
1,0,2,27.0,0,1,3428,22358.0
0,0,2,74.0,0,1,3430,774.0
2,1,2,24.0,0,1,3431,0.0
0,0,1,23.0,0,0,3432,630.0
1,0,0,74.0,0,0,3433,7761.0
0,1,2,23.0,0,1,3434,0.0
0,0,1,26.0,0,0,3437,781.0
0,1,2,0.0,0,1,3437,0.0
0,1,2,0.0,0,1,3438,0.0
0,0,0,24.0,0,0,3438,1572.0
1,1,2,28.0,0,1,3439,0.0
1,0,2,17.0,0,1,3439,0.0
0,1,0,26.0,0,1,3439,0.0
1,0,2,39.0,0,0,3439,4202.0
0,0,2,17.0,0,0,3440,1026.0
0,0,0,15.0,0,0,3441,639.0
0,0,2,37.0,0,0,3442,645.0
0,0,2,38.0,0,1,3443,822.0
1,0,0,33.0,0,1,3444,27086.0
1,1,2,16.0,0,1,3444,0.0
1,0,2,41.0,1,1,3444,1594.0
1,0,2,7.0,0,1,3444,0.0
0,0,2,20.0,0,0,3445,782.0
0,1,1,44.0,0,1,3446,0.0
0,0,2,42.0,0,0,3447,1265.0
0,0,2,29.0,0,0,3449,908.0
1,0,0,22.0,0,1,3450,7163.0
1,0,2,21.0,0,1,3450,3806.0
0,1,2,21.0,0,0,3453,0.0
0,1,2,21.0,0,0,3454,0.0
2,1,2,13.0,0,1,3455,0.0
0,1,1,16.0,0,1,3456,0.0
2,1,0,36.0,0,1,3458,0.0
0,1,2,36.0,0,1,3459,0.0
0,0,1,26.0,0,0,3461,540.0
1,1,2,28.0,0,1,3462,0.0
0,0,2,14.0,0,0,3464,892.0
0,1,2,29.0,0,0,3464,0.0
2,0,2,19.0,0,0,3465,1289.0
0,0,2,51.0,0,0,3467,971.0
0,1,2,64.0,0,1,3468,0.0
1,1,2,41.0,0,1,3469,0.0
0,1,2,24.0,0,0,3470,0.0
0,1,0,16.0,0,1,3470,0.0
0,0,2,20.0,0,0,3473,1400.0
1,1,2,31.0,0,1,3474,0.0
1,0,2,38.0,0,0,3474,2742.0
1,1,0,59.0,0,1,3474,0.0
1,1,2,18.0,0,1,3474,0.0
1,1,2,33.0,0,1,3475,0.0
1,0,2,33.0,0,0,3475,7162.0
1,0,0,49.0,0,1,3475,9108.0
0,0,0,4.0,0,1,3476,0.0
0,0,0,0.0,0,1,3476,0.0
0,0,0,0.0,0,1,3476,0.0
0,0,2,24.0,0,0,3476,813.0
1,0,2,52.0,0,0,3478,0.0
0,0,1,50.0,0,0,3480,689.0
0,0,1,31.0,0,0,3483,641.0
0,1,2,25.0,0,0,3484,0.0
0,0,1,62.0,0,1,3484,2911.0
1,0,2,49.0,0,0,3485,3676.0
1,1,2,24.0,0,1,3485,0.0
1,0,2,33.0,0,1,3485,3288.0
0,0,2,20.0,0,1,3486,585.0
1,0,0,46.0,0,0,3487,4598.0
1,0,2,26.0,0,0,3488,0.0
1,0,2,52.0,0,0,3488,3500.0
2,0,2,28.0,0,0,3489,1911.0
2,1,2,39.0,0,1,3489,0.0
1,0,2,29.0,0,1,3490,3443.0
1,0,0,19.0,0,1,3490,3140.0
0,0,2,15.0,0,0,3491,613.0
0,0,2,33.0,0,0,3492,788.0
1,0,2,47.0,0,1,3495,11032.0
1,0,2,34.0,0,1,3495,9095.0
1,1,0,26.0,0,1,3495,0.0
1,1,2,15.0,0,1,3495,0.0
2,1,2,24.0,0,1,3496,0.0
2,0,2,27.0,0,0,3496,1774.0
2,0,2,38.0,1,0,3497,1057.0
0,0,2,21.0,0,0,3499,907.0
0,0,2,1.0,0,1,3499,0.0
0,0,2,38.0,0,1,3499,1048.0
0,0,2,0.0,0,0,3499,0.0
2,0,2,32.0,0,0,3501,2384.0
0,1,2,27.0,0,1,3504,0.0
1,1,0,48.0,0,1,3506,0.0
2,0,0,22.0,0,0,3511,2901.0
0,0,0,28.0,0,0,3512,858.0
0,0,2,19.0,0,0,3514,809.0
2,1,2,37.0,0,0,3515,0.0
2,1,2,46.0,0,1,3515,0.0
0,1,2,26.0,0,1,3518,0.0
0,0,2,16.0,0,1,3519,723.0
0,1,2,0.0,0,1,3519,0.0
0,1,2,0.0,0,1,3519,0.0
0,0,2,26.0,0,0,3520,809.0
0,1,1,13.0,0,1,3520,0.0
1,1,0,23.0,0,1,3521,0.0
1,1,2,70.0,0,1,3521,0.0
0,1,2,21.0,0,1,3523,0.0
2,1,2,40.0,0,1,3525,0.0
2,0,2,18.0,1,0,3527,1422.0
0,0,2,23.0,0,1,3528,787.0
0,1,2,15.0,0,1,3530,0.0
2,0,0,28.0,0,0,3531,1573.0
2,1,2,45.0,0,1,3531,0.0
2,0,2,18.0,0,0,3533,2081.0
0,0,2,23.0,0,0,3534,702.0
2,0,2,36.0,0,0,3535,1329.0
2,1,2,25.0,0,1,3535,0.0
1,1,0,28.0,0,1,3536,0.0
0,0,0,29.0,0,0,3537,725.0
0,0,2,31.0,0,0,3539,788.0
0,1,1,14.0,0,1,3540,0.0
2,1,2,31.0,0,1,3542,0.0
1,0,2,39.0,0,1,3543,3073.0
1,1,0,17.0,0,1,3543,0.0
1,1,2,56.0,0,1,3543,0.0
0,0,2,36.0,0,0,3546,10.0
2,0,0,21.0,0,0,3547,2919.0
0,0,2,48.0,0,1,3548,1799.0
0,1,2,53.0,0,0,3550,0.0
0,1,1,5.0,0,0,3550,0.0
0,1,2,21.0,0,0,3550,0.0
1,0,0,50.0,0,0,3552,3238.0
1,1,2,18.0,0,1,3552,0.0
2,0,2,28.0,0,0,3553,2384.0
0,0,2,28.0,0,1,3555,1051.0
0,1,2,18.0,0,1,3556,0.0
2,0,2,37.0,0,0,3558,3026.0
2,1,2,19.0,0,1,3558,0.0
2,0,2,27.0,0,0,3559,1181.0
2,0,1,37.0,0,1,3560,879.0
2,1,2,43.0,0,1,3561,0.0
2,0,2,17.0,0,1,3561,3394.0
2,0,0,21.0,0,0,3562,4780.0
2,0,0,55.0,0,0,3562,3793.0
0,1,2,14.0,0,1,3563,0.0
0,1,2,24.0,0,0,3564,0.0
0,1,1,26.0,0,1,3565,0.0
0,0,0,19.0,0,1,3566,845.0
0,0,2,20.0,0,0,3567,3062.0
0,0,2,14.0,0,0,3568,661.0
2,1,2,19.0,0,1,3569,0.0
0,0,1,15.0,0,1,3570,623.0
0,0,2,25.0,0,0,3572,1698.0
0,0,1,24.0,0,0,3573,1179.0
0,0,2,22.0,0,1,3576,1271.0
2,0,2,26.0,0,0,3577,1192.0
2,1,0,23.0,0,1,3578,0.0
0,0,1,20.0,0,0,3579,2261.0
0,0,2,53.0,0,1,3582,907.0
0,0,2,55.0,0,1,3584,1264.0
0,0,2,22.0,0,0,3586,768.0
2,0,2,35.0,0,0,3588,1057.0
2,0,2,40.0,0,0,3588,875.0
0,0,2,22.0,0,0,3591,1609.0
2,0,1,22.0,0,1,3592,879.0
2,0,2,21.0,0,0,3592,954.0
0,1,1,64.0,0,1,3594,0.0
1,1,2,40.0,0,1,3595,0.0
2,0,2,8.0,0,1,3596,0.0
0,0,2,25.0,0,0,3597,914.0
0,0,0,19.0,0,0,3598,676.0
0,1,2,24.0,0,1,3600,0.0
2,0,2,11.0,0,1,3602,0.0
0,1,0,31.0,0,1,3605,0.0
0,1,2,46.0,0,0,3606,0.0
2,1,2,31.0,0,1,3607,0.0
1,1,0,17.0,0,1,3608,0.0
1,1,2,16.0,0,1,3608,0.0
1,0,2,57.0,0,1,3608,0.0
1,0,0,28.0,0,0,3609,5397.0
1,0,2,27.0,0,0,3609,1955.0
1,0,0,28.0,0,1,3609,0.0
1,1,0,26.0,0,1,3609,0.0
0,1,2,17.0,0,1,3610,0.0
0,0,2,36.0,0,1,3610,902.0
0,0,2,24.0,0,1,3612,791.0
0,0,2,18.0,0,1,3613,733.0
0,0,2,20.0,0,0,3614,558.0
0,0,0,10.0,0,0,3615,0.0
0,0,2,24.0,0,1,3615,760.0
0,1,0,23.0,0,1,3616,0.0
1,0,2,36.0,0,0,3619,16396.0
1,1,0,27.0,0,1,3620,0.0
1,1,0,54.0,0,1,3622,0.0
1,0,0,38.0,0,0,3622,6099.0
0,0,2,29.0,0,0,3624,0.0
0,0,2,37.0,0,1,3625,987.0
0,1,2,36.0,0,1,3626,0.0
0,0,0,18.0,0,0,3628,643.0
2,1,2,28.0,0,1,3629,0.0
0,0,1,61.0,0,0,3630,741.0
0,0,2,19.0,0,0,3631,828.0
0,0,2,29.0,0,1,3634,718.0
2,0,2,37.0,0,0,3636,1800.0
1,0,2,29.0,0,1,3639,5287.0
0,0,0,38.0,0,0,3640,1620.0
0,1,2,41.0,0,0,3640,0.0
0,1,1,23.0,0,1,3641,0.0
0,0,2,48.0,0,0,3641,1.0
0,0,2,0.0,0,1,3641,0.0
0,0,2,46.0,0,0,3642,900.0
2,1,2,36.0,0,1,3644,0.0
2,1,2,42.0,0,1,3645,0.0
2,1,2,24.0,0,1,3645,0.0
2,1,2,16.0,0,1,3645,0.0
2,1,2,43.0,0,1,3645,0.0
2,1,2,40.0,0,1,3645,0.0
1,1,0,22.0,0,1,3647,0.0
0,0,1,39.0,0,0,3648,1144.0
0,1,2,37.0,0,1,3650,0.0
0,1,2,28.0,0,0,3652,0.0
0,0,2,29.0,0,0,3653,907.0
0,0,0,14.0,0,0,3654,831.0
0,0,2,15.0,0,0,3654,865.0
0,0,2,17.0,0,0,3655,3435.0
0,1,2,4.0,0,1,3658,0.0
0,0,2,24.0,0,1,3658,2395.0
0,0,2,24.0,0,0,3660,784.0
1,0,0,22.0,0,1,3662,3205.0
1,1,0,38.0,0,1,3662,0.0
2,1,2,30.0,0,1,3664,0.0
0,1,0,29.0,0,1,3665,0.0
1,1,0,26.0,0,1,3667,0.0
1,1,0,41.0,0,1,3668,0.0
0,0,2,50.0,0,0,3671,790.0
0,0,0,34.0,0,1,3674,908.0
0,0,1,24.0,0,0,3677,660.0
0,0,2,24.0,0,1,3678,791.0
1,0,2,45.0,0,0,3679,0.0
1,0,0,35.0,0,0,3680,5071.0
1,1,0,23.0,0,1,3680,0.0
1,1,0,23.0,0,1,3681,0.0
1,0,2,21.0,0,0,3681,2236.0
2,1,2,19.0,0,1,3682,0.0
0,0,2,24.0,0,0,3686,703.0
2,0,0,2.0,0,1,3688,0.0
2,0,2,0.0,0,1,3688,0.0
2,1,2,20.0,0,1,3688,0.0
0,0,2,35.0,0,1,3690,822.0
2,0,2,34.0,0,0,3691,1767.0
0,0,2,26.0,0,0,3692,887.0
0,1,2,26.0,0,1,3693,0.0
1,1,0,32.0,0,1,3699,0.0
1,0,0,25.0,0,1,3699,19775.0
1,1,0,30.0,0,1,3699,0.0
1,0,2,57.0,0,0,3699,7941.0
0,0,2,23.0,0,0,3700,649.0
2,1,2,32.0,0,0,3702,0.0
0,1,2,27.0,0,1,3703,0.0
2,0,2,20.0,0,0,3703,1680.0
0,0,2,21.0,0,0,3704,355.0
0,0,2,19.0,0,0,3705,593.0
2,0,2,16.0,0,0,3706,1040.0
2,0,2,18.0,0,1,3706,1112.0
0,0,2,18.0,0,0,3707,769.0
0,0,2,22.0,0,1,3707,889.0
0,1,0,24.0,0,1,3708,0.0
0,0,0,35.0,0,0,3710,809.0
0,0,2,8.0,0,0,3710,0.0
0,1,0,5.0,0,0,3710,0.0
2,1,2,40.0,0,1,3711,0.0
2,0,2,31.0,0,0,3711,3703.0
2,1,2,9.0,0,1,3711,0.0
1,1,2,56.0,0,1,3713,0.0
1,1,0,39.0,0,1,3713,0.0
1,1,2,18.0,0,1,3713,0.0
2,0,2,45.0,0,0,3714,2599.0
2,0,1,33.0,0,0,3714,784.0
0,1,1,2.0,0,0,3715,0.0
0,1,2,1.0,0,0,3715,0.0
0,0,2,2.0,0,1,3715,0.0
0,1,2,16.0,0,0,3715,0.0
0,0,2,18.0,0,1,3716,1792.0
2,0,2,28.0,1,0,3719,3702.0
2,1,2,45.0,0,1,3719,0.0
0,1,2,24.0,0,1,3724,0.0
0,1,2,35.0,0,1,3726,0.0
0,1,1,16.0,0,1,3728,0.0
0,1,1,40.0,0,1,3729,0.0
1,1,0,5.0,0,1,3732,0.0
1,0,2,29.0,0,0,3732,20168.0
1,1,2,31.0,0,1,3732,0.0
1,0,0,27.0,0,0,3732,4172.0
1,0,2,34.0,1,0,3733,2468.0
0,1,1,15.0,0,1,3734,0.0
1,0,2,43.0,0,1,3735,4197.0
1,0,0,30.0,0,0,3735,2829.0
1,0,2,61.0,0,1,3736,6074.0
0,0,2,48.0,0,0,3737,882.0
0,1,0,17.0,0,1,3737,0.0
0,0,2,19.0,0,0,3739,808.0
1,1,2,29.0,0,1,3741,0.0
0,1,0,2.0,0,0,3742,0.0
0,1,2,24.0,0,1,3742,0.0
0,0,2,19.0,0,0,3743,887.0
2,0,1,34.0,1,1,3744,1359.0
0,0,2,19.0,0,0,3745,771.0
1,0,2,39.0,0,0,3747,3047.0
1,1,2,26.0,0,1,3747,0.0
1,0,2,53.0,0,0,3747,9133.0
1,1,0,18.0,0,1,3747,0.0
2,1,2,24.0,0,1,3748,0.0
1,1,0,45.0,0,1,3749,0.0
1,1,2,32.0,0,1,3749,0.0
0,0,2,18.0,0,0,3750,3512.0
0,0,2,48.0,0,0,3750,693.0
0,0,2,24.0,0,1,3751,1561.0
1,0,2,52.0,0,0,3752,1901.0
0,0,0,55.0,0,0,3753,716.0
0,1,2,43.0,0,1,3754,0.0
0,1,2,24.0,0,0,3755,0.0
0,1,1,8.0,0,0,3755,0.0
2,1,2,18.0,0,1,3756,0.0
0,1,2,38.0,0,1,3757,0.0
0,0,2,18.0,0,0,3758,753.0
0,1,1,23.0,0,1,3758,0.0
0,1,2,26.0,0,1,3759,0.0
0,1,1,21.0,0,1,3760,0.0
0,0,0,45.0,0,1,3761,4537.0
2,1,2,24.0,0,1,3765,0.0
1,0,0,44.0,0,0,3767,9636.0
0,0,2,20.0,0,1,3768,717.0
2,0,2,47.0,0,0,3769,1299.0
0,1,2,16.0,0,1,3770,0.0
1,0,2,28.0,0,0,3771,9671.0
0,0,0,8.0,0,1,3772,0.0
0,0,2,20.0,0,1,3772,422.0
0,0,1,22.0,0,1,3773,609.0
0,0,2,42.0,0,1,3773,1558.0
0,0,1,23.0,0,1,3773,1257.0
0,0,2,30.0,0,0,3774,830.0
0,1,2,18.0,0,0,3774,0.0
0,0,2,35.0,0,0,3774,803.0
2,1,2,42.0,0,1,3775,0.0
2,1,2,46.0,0,1,3775,0.0
1,0,2,29.0,0,1,3776,6360.0
1,1,0,35.0,0,1,3777,0.0
0,0,2,48.0,0,1,3778,807.0
0,0,2,24.0,0,1,3779,701.0
1,0,2,38.0,0,0,3781,2129.0
0,0,0,51.0,0,0,3783,1287.0
0,0,2,77.0,0,0,3784,4220.0
0,1,2,22.0,0,0,3785,0.0
2,0,2,38.0,1,0,3786,1355.0
2,0,2,42.0,0,0,3786,2383.0
2,1,2,55.0,0,1,3787,0.0
2,0,2,7.0,0,1,3787,0.0
2,0,2,24.0,0,1,3787,1056.0
2,0,2,25.0,0,0,3788,803.0
0,1,2,15.0,0,1,3789,0.0
0,1,2,13.0,0,1,3790,0.0
0,1,0,23.0,0,1,3793,0.0
1,1,0,24.0,0,1,3795,0.0
1,0,0,33.0,0,1,3796,27650.0
1,0,2,26.0,0,0,3797,0.0
1,1,2,67.0,0,1,3798,0.0
0,0,0,27.0,0,0,3801,473.0
2,0,2,33.0,0,0,3803,2005.0
0,0,2,18.0,0,0,3804,801.0
0,0,2,36.0,0,0,3805,471.0
0,1,2,18.0,0,1,3807,0.0
0,0,2,51.0,0,0,3810,809.0
2,1,2,54.0,0,1,3811,0.0
2,0,2,33.0,0,0,3811,3389.0
0,0,2,18.0,0,0,3812,693.0
1,1,2,57.0,0,1,3814,0.0
0,0,2,23.0,0,0,3815,804.0
0,0,2,24.0,0,0,3816,905.0
2,0,2,20.0,0,0,3817,1906.0
0,0,2,32.0,0,0,3818,698.0
2,1,2,21.0,0,1,3820,0.0
0,0,1,24.0,0,0,3821,869.0
0,0,1,41.0,0,0,3822,712.0
2,0,2,27.0,0,1,3823,1192.0
0,0,1,49.0,0,1,3824,202.0
0,0,2,18.0,0,0,3826,1789.0
0,0,0,34.0,0,0,3830,706.0
2,0,2,73.0,0,0,3831,1057.0
0,0,2,40.0,0,0,3832,3570.0
0,0,1,63.0,0,0,3835,906.0
2,0,2,21.0,0,1,3836,1151.0
0,0,2,21.0,0,1,3838,844.0
2,0,2,23.0,0,0,3839,1049.0
2,0,2,31.0,0,0,3841,1309.0
0,0,0,41.0,0,0,3842,697.0
0,1,2,15.0,0,1,3846,0.0
1,0,2,36.0,0,0,3847,3399.0
0,0,2,24.0,0,0,3848,746.0
0,0,2,27.0,0,0,3849,753.0
1,0,0,24.0,0,0,3850,4533.0
1,1,0,19.0,0,1,3850,0.0
1,0,2,25.0,0,1,3850,6167.0
1,1,0,39.0,0,1,3850,0.0
1,1,2,15.0,0,1,3850,0.0
1,0,2,31.0,0,1,3850,3340.0
1,1,0,25.0,0,1,3850,0.0
1,0,2,57.0,0,0,3851,6514.0
2,1,2,24.0,0,1,3852,0.0
0,0,1,18.0,0,1,3853,757.0
0,1,2,33.0,0,1,3854,0.0
0,0,2,23.0,0,1,3856,1100.0
1,1,0,34.0,0,1,3857,0.0
2,1,0,38.0,0,1,3862,0.0
2,0,2,21.0,0,1,3862,3224.0
2,1,2,31.0,0,0,3862,0.0
2,0,2,13.0,0,0,3862,3362.0
2,0,2,54.0,0,1,3862,1345.0
2,0,2,13.0,0,0,3862,1683.0
2,0,2,18.0,0,0,3862,1791.0
1,1,2,24.0,0,1,3864,0.0
0,0,2,43.0,0,0,3866,970.0
0,0,2,56.0,0,1,3867,771.0
0,0,2,63.0,0,0,3868,1541.0
0,0,2,9.0,0,1,3868,0.0
0,0,2,9.0,0,0,3868,0.0
0,0,2,0.0,0,1,3868,0.0
0,0,0,16.0,0,1,3868,872.0
0,1,2,42.0,0,1,3868,0.0
0,1,2,9.0,0,0,3868,0.0
1,1,0,22.0,0,1,3870,0.0
1,1,0,47.0,0,1,3871,0.0
2,1,2,30.0,0,1,3872,0.0
0,0,2,29.0,0,0,3873,2524.0
0,0,2,24.0,0,0,3874,783.0
0,0,2,22.0,0,1,3874,3844.0
0,0,2,19.0,0,0,3875,788.0
2,0,0,31.0,0,0,3879,1461.0
1,1,0,17.0,0,1,3883,0.0
1,0,2,38.0,0,0,3883,5389.0
1,1,0,13.0,0,1,3883,0.0
0,1,1,36.0,0,1,3886,0.0
0,0,2,0.0,0,1,3888,0.0
0,1,2,21.0,0,1,3890,0.0
0,0,1,18.0,0,1,3894,609.0
2,1,2,36.0,0,0,3895,0.0
2,0,2,27.0,0,0,3895,852.0
2,0,2,5.0,0,1,3895,0.0
0,0,0,18.0,0,1,3896,6628.0
0,1,2,25.0,0,0,3897,0.0
0,1,2,14.0,0,1,3898,0.0
1,1,2,23.0,0,1,3899,0.0
0,0,0,2.0,0,0,3903,0.0
0,1,2,1.0,0,0,3903,0.0
0,1,0,7.0,0,1,3903,0.0
0,0,1,6.0,0,0,3903,0.0
0,0,2,56.0,0,0,3903,970.0
0,1,0,4.0,0,1,3903,0.0
0,0,2,65.0,0,0,3904,909.0
0,1,2,36.0,0,1,3907,0.0
1,1,2,25.0,0,1,3909,0.0
0,0,2,41.0,0,0,3911,1064.0
0,0,2,20.0,0,1,3911,1619.0
0,1,1,18.0,0,1,3911,0.0
0,0,2,15.0,0,1,3912,902.0
0,0,2,23.0,0,0,3913,636.0
0,0,1,29.0,0,0,3913,599.0
0,1,2,33.0,0,1,3915,0.0
1,0,2,14.0,0,0,3916,1675.0
1,1,0,55.0,0,1,3916,0.0
1,0,2,30.0,0,0,3917,3003.0
0,0,2,21.0,0,0,3919,545.0
0,0,2,26.0,0,1,3921,788.0
0,1,1,33.0,0,1,3922,0.0
0,0,2,18.0,0,0,3923,730.0
0,1,2,9.0,0,1,3923,0.0
0,1,0,0.0,0,1,3923,0.0
0,0,0,19.0,0,1,3924,694.0
0,0,2,18.0,0,0,3926,716.0
1,0,0,38.0,0,0,3927,12749.0
1,0,0,42.0,0,1,3927,3710.0
1,0,2,28.0,0,0,3928,3701.0
1,1,0,37.0,0,1,3928,0.0
0,0,0,29.0,0,0,3930,1820.0
0,0,0,42.0,0,0,3931,701.0
2,0,2,18.0,0,1,3932,2998.0
2,0,0,34.0,0,1,3932,836.0
0,1,0,34.0,0,1,3933,0.0
0,1,1,18.0,0,0,3935,0.0
0,0,2,24.0,0,0,3936,3537.0
0,0,2,24.0,0,1,3937,645.0
2,1,2,56.0,0,1,3938,0.0
2,1,2,2.0,0,1,3938,0.0
2,1,2,12.0,0,1,3938,0.0
0,0,2,37.0,0,0,3939,1618.0
2,0,2,60.0,1,0,3940,2739.0
0,1,2,55.0,0,0,3941,0.0
0,1,1,20.0,0,0,3942,0.0
2,0,2,28.0,0,0,3944,1895.0
0,1,2,28.0,0,0,3945,0.0
2,0,2,37.0,0,0,3946,1308.0
0,0,2,18.0,0,0,3948,857.0
0,0,2,14.0,0,0,3949,787.0
1,0,2,29.0,0,1,3950,14864.0
0,0,2,51.0,0,0,3952,556.0
0,1,2,45.0,0,0,3954,0.0
0,1,2,45.0,0,1,3955,0.0
2,0,2,41.0,0,0,3958,1192.0
0,0,2,21.0,0,0,3959,5525.0
0,0,2,28.0,0,0,3959,673.0
0,1,0,0.0,0,1,3959,0.0
0,0,2,46.0,0,0,3960,880.0
2,1,2,41.0,0,1,3961,0.0
0,0,0,13.0,0,1,3962,0.0
0,0,1,55.0,0,0,3962,1649.0
0,0,1,20.0,0,1,3963,0.0
0,1,2,21.0,0,1,3964,0.0
0,0,2,49.0,0,0,3966,599.0
0,0,2,27.0,0,1,3966,1020.0
0,0,2,0.0,0,1,3966,0.0
2,0,2,22.0,0,0,3967,941.0
0,1,2,17.0,0,0,3968,0.0
2,0,2,23.0,0,1,3970,1119.0
0,0,2,44.0,0,0,3971,908.0
1,1,2,29.0,0,1,3973,0.0
0,0,2,19.0,0,1,3974,761.0
0,1,2,3.0,0,1,3974,0.0
1,0,2,29.0,0,1,3976,7223.0
0,0,2,19.0,0,1,3977,721.0
0,1,2,22.0,0,1,3980,0.0
0,0,1,33.0,0,0,3981,703.0
0,1,1,24.0,0,1,3984,0.0
0,0,2,50.0,0,0,3985,848.0
2,0,2,54.0,0,0,3986,1222.0
2,0,2,43.0,0,0,3986,1598.0
0,0,2,17.0,0,1,3987,2302.0
2,0,2,26.0,0,0,3988,1719.0
0,0,2,44.0,0,0,3991,1262.0
0,0,1,51.0,0,0,3992,1108.0
1,1,2,29.0,0,1,3994,0.0
0,0,2,4.0,0,0,3995,0.0
0,0,1,40.0,0,0,3995,732.0
0,0,0,27.0,0,0,3995,810.0
0,0,2,8.0,0,0,3995,0.0
0,0,2,3.0,0,0,3995,0.0
0,0,0,11.0,0,1,3995,0.0
0,0,1,24.0,0,1,3996,1192.0
0,0,0,25.0,0,0,3997,522.0
1,0,0,28.0,0,1,3998,6515.0
0,0,2,25.0,0,0,3999,1017.0
0,1,2,27.0,0,1,4000,0.0
0,0,2,25.0,0,0,4000,803.0
0,1,2,0.0,0,1,4000,0.0
0,0,2,58.0,0,1,4001,970.0
0,1,2,3.0,0,1,4001,0.0
0,1,1,4.0,0,1,4001,0.0
0,1,0,2.0,0,0,4001,0.0
0,0,2,34.0,0,1,4001,861.0
0,0,0,5.0,0,1,4001,0.0
0,0,2,3.0,0,0,4001,0.0
2,1,2,46.0,0,0,4002,0.0
0,0,2,22.0,0,1,4003,1417.0
0,0,2,8.0,0,1,4005,0.0
0,0,2,17.0,0,1,4005,1014.0
0,0,2,4.0,0,0,4005,0.0
0,1,2,12.0,0,0,4005,0.0
0,1,1,40.0,0,1,4005,0.0
0,0,1,16.0,0,1,4005,2284.0
0,1,2,41.0,0,1,4005,0.0
0,1,2,8.0,0,0,4005,0.0
0,1,0,14.0,0,1,4006,0.0
0,1,2,2.0,0,1,4006,0.0
0,0,1,59.0,0,1,4006,684.0
0,0,2,45.0,0,0,4006,1805.0
0,0,0,52.0,0,1,4006,704.0
2,1,2,33.0,0,1,4008,0.0
0,0,0,51.0,0,1,4009,1475.0
0,1,2,38.0,0,0,4010,0.0
2,0,2,14.0,0,0,4013,947.0
1,0,2,42.0,0,0,4014,4689.0
1,0,0,28.0,0,0,4014,6356.0
0,0,0,34.0,0,0,4016,906.0
2,0,2,21.0,0,0,4017,0.0
2,1,2,30.0,0,1,4017,0.0
2,1,2,24.0,0,1,4017,0.0
2,1,2,26.0,0,0,4017,0.0
2,0,2,23.0,0,0,4017,1486.0
0,0,2,20.0,0,0,4018,63.0
0,0,0,59.0,0,1,4019,640.0
1,0,0,37.0,0,0,4020,12558.0
2,0,2,32.0,0,0,4021,2505.0
0,0,1,37.0,0,0,4022,740.0
0,0,2,27.0,0,0,4023,1113.0
1,1,0,42.0,0,1,4026,0.0
0,1,1,29.0,0,1,4027,0.0
0,0,2,2.0,0,1,4030,0.0
0,1,2,10.0,0,0,4030,0.0
0,0,2,0.0,0,0,4030,0.0
0,1,2,21.0,0,0,4030,0.0
0,0,2,8.0,0,0,4030,0.0
1,1,0,24.0,0,1,4031,0.0
1,1,2,27.0,0,1,4031,0.0
0,0,1,13.0,0,1,4032,0.0
1,0,0,49.0,0,1,4033,11695.0
2,1,2,38.0,0,0,4034,0.0
0,1,0,21.0,0,1,4035,0.0
0,0,2,22.0,0,0,4036,886.0
0,1,1,14.0,0,1,4037,0.0
0,1,1,24.0,0,0,4038,0.0
0,0,2,24.0,0,0,4039,778.0
0,1,2,34.0,0,0,4040,0.0
1,0,2,1.0,0,1,4042,0.0
1,1,0,24.0,0,1,4042,0.0
1,1,0,26.0,0,1,4042,0.0
0,0,2,24.0,0,0,4043,1609.0
2,0,2,32.0,0,0,4044,1390.0
2,0,2,2.0,0,1,4044,0.0
2,1,2,10.0,0,1,4044,0.0
2,0,2,49.0,0,0,4045,3488.0
0,1,1,14.0,0,1,4046,0.0
0,1,2,29.0,0,1,4047,0.0
1,1,0,25.0,0,0,4049,0.0
1,0,0,36.0,0,0,4050,13542.0
0,1,2,22.0,0,1,4053,0.0
0,0,2,21.0,0,0,4055,645.0
0,0,2,36.0,0,0,4058,882.0
0,0,2,54.0,0,0,4060,1415.0
2,0,2,30.0,0,0,4061,2384.0
2,1,2,0.0,0,1,4061,0.0
2,1,2,1.0,0,1,4061,0.0
0,1,2,42.0,0,1,4063,0.0
0,0,2,47.0,0,1,4064,2416.0
0,0,2,25.0,0,0,4065,1700.0
1,0,0,18.0,0,0,4066,2887.0
1,1,2,22.0,0,1,4066,0.0
1,0,2,27.0,0,0,4068,3710.0
0,0,0,24.0,0,1,4069,2486.0
1,1,2,24.0,0,1,4071,0.0
1,1,0,22.0,0,1,4071,0.0
0,1,2,60.0,0,1,4072,0.0
1,0,2,38.0,0,0,4075,10750.0
0,0,2,23.0,0,0,4076,1619.0
0,1,2,21.0,0,0,4078,0.0
2,0,0,55.0,0,0,4079,1687.0
0,0,0,20.0,0,0,4080,729.0
0,0,0,50.0,0,0,4081,809.0
2,0,2,22.0,0,0,4082,0.0
1,0,2,21.0,0,1,4083,8060.0
1,0,2,26.0,0,1,4084,2315.0
1,0,2,36.0,0,1,4089,3418.0
2,0,2,46.0,0,1,4090,1778.0
0,0,2,26.0,0,1,4091,645.0
0,0,2,24.0,0,0,4093,693.0
0,0,0,14.0,0,0,4095,2308.0
2,0,2,46.0,0,1,4096,1121.0
0,0,2,15.0,0,0,4097,983.0
0,1,2,30.0,0,0,4098,0.0
0,1,2,24.0,0,1,4099,0.0
2,0,2,38.0,0,0,4101,1309.0
1,1,2,48.0,0,1,4102,0.0
0,1,2,31.0,0,0,4103,0.0
0,0,2,41.0,0,0,4104,1025.0
0,0,2,43.0,0,1,4106,909.0
0,0,2,23.0,0,0,4107,770.0
1,1,0,48.0,0,1,4108,0.0
1,0,2,47.0,0,1,4108,3234.0
0,0,2,19.0,0,1,4109,665.0
0,0,2,25.0,0,0,4110,997.0
0,1,2,28.0,0,1,4112,0.0
1,1,0,16.0,0,1,4113,0.0
1,0,2,45.0,0,1,4113,2691.0
2,1,2,31.0,0,1,4114,0.0
0,1,1,19.0,0,0,4115,0.0
0,0,2,21.0,0,1,4116,776.0
0,1,1,24.0,0,0,4120,0.0
0,1,1,22.0,0,1,4125,0.0
1,0,2,23.0,0,1,4127,0.0
2,0,2,54.0,1,0,4128,1286.0
2,0,2,0.0,0,1,4128,0.0
2,1,2,4.0,0,1,4128,0.0
0,0,2,23.0,0,0,4129,799.0
2,1,2,19.0,0,1,4130,0.0
1,1,2,34.0,0,1,4131,0.0
0,1,0,18.0,0,0,4132,0.0
0,1,2,40.0,0,1,4134,0.0
2,0,2,58.0,0,0,4135,2365.0
0,0,0,39.0,0,0,4137,704.0
0,0,1,23.0,0,0,4140,722.0
0,0,2,11.0,0,0,4141,0.0
1,1,2,43.0,0,1,4142,0.0
2,1,2,29.0,0,0,4143,0.0
0,0,2,36.0,0,0,4144,790.0
0,0,1,13.0,0,0,4145,647.0
1,0,2,54.0,0,1,4147,3200.0
1,1,2,45.0,0,1,4147,0.0
0,0,0,33.0,0,1,4149,846.0
0,0,2,46.0,0,1,4150,1029.0
0,1,0,15.0,0,1,4151,0.0
0,0,2,35.0,0,0,4152,634.0
2,1,2,23.0,0,1,4154,0.0
0,1,0,15.0,0,0,4156,0.0
0,0,2,27.0,0,0,4158,791.0
0,0,2,15.0,0,0,4159,864.0
2,0,2,27.0,1,1,4160,1698.0
0,1,0,16.0,0,1,4163,0.0
0,0,2,37.0,0,1,4165,954.0
1,1,0,45.0,0,1,4166,0.0
1,0,0,58.0,1,1,4166,4058.0
0,0,1,24.0,0,0,4167,774.0
0,0,2,38.0,0,0,4168,880.0
0,0,2,28.0,0,0,4168,789.0
1,1,2,47.0,0,1,4169,0.0
1,0,2,41.0,0,1,4169,1580.0
1,1,2,28.0,0,1,4170,0.0
0,1,2,23.0,0,0,4171,0.0
2,1,2,24.0,0,1,4172,0.0
2,0,2,58.0,0,0,4172,2638.0
0,1,2,36.0,0,1,4172,0.0
2,0,0,24.0,0,0,4172,1413.0
2,0,2,56.0,0,0,4172,1129.0
2,1,2,15.0,0,1,4172,0.0
2,0,2,19.0,0,1,4172,2398.0
0,0,2,27.0,0,0,4173,791.0
0,0,2,47.0,0,0,4174,944.0
0,0,0,37.0,0,0,4175,716.0
2,1,2,39.0,0,1,4176,0.0
2,1,2,20.0,0,1,4176,0.0
2,0,2,20.0,0,1,4176,1854.0
2,0,2,38.0,0,0,4176,2366.0
2,0,2,46.0,0,0,4176,1181.0
2,1,2,13.0,0,1,4176,0.0
2,0,0,24.0,0,1,4176,1071.0
1,1,2,32.0,0,1,4177,0.0
1,1,0,24.0,0,1,4177,0.0
1,0,0,44.0,0,0,4177,5896.0
0,0,2,19.0,0,0,4178,783.0
1,0,2,30.0,1,1,4179,1446.0
1,1,2,23.0,0,1,4179,0.0
1,0,2,4.0,0,1,4181,0.0
1,0,2,0.0,0,1,4181,0.0
1,1,2,17.0,0,1,4181,0.0
1,1,2,44.0,0,1,4181,0.0
1,0,0,31.0,0,0,4181,28074.0
1,0,0,41.0,1,1,4181,12047.0
1,0,0,33.0,0,0,4182,4019.0
1,0,2,43.0,0,0,4182,4285.0
1,0,0,43.0,1,0,4182,7574.0
0,0,2,36.0,0,0,4183,1552.0
0,0,0,19.0,0,0,4184,919.0
0,0,2,24.0,0,1,4185,1725.0
0,1,0,17.0,0,1,4186,0.0
0,0,2,23.0,0,1,4188,2199.0
0,0,0,17.0,0,0,4189,1787.0
2,0,2,18.0,0,0,4191,1941.0
2,1,0,34.0,0,1,4194,0.0
0,1,2,13.0,0,1,4196,0.0
0,0,2,66.0,0,1,4197,3176.0
0,0,2,27.0,0,1,4197,1358.0
0,0,2,19.0,0,0,4197,1706.0
0,0,2,55.0,0,1,4199,902.0
2,0,2,40.0,0,0,4203,961.0
0,1,1,23.0,0,1,4204,0.0
0,0,2,7.0,0,0,4204,0.0
0,1,2,12.0,0,1,4204,0.0
0,0,2,37.0,0,0,4205,1385.0
0,0,2,22.0,0,0,4206,544.0
0,1,2,25.0,0,1,4207,0.0
1,1,0,46.0,0,1,4207,0.0
2,0,0,37.0,0,0,4208,783.0
1,1,0,50.0,0,1,4210,0.0
1,1,0,28.0,0,1,4210,0.0
1,1,2,26.0,0,1,4211,0.0
0,1,2,28.0,0,1,4212,0.0
0,0,1,23.0,0,0,4213,499.0
1,0,2,23.0,0,0,4214,4626.0
2,0,2,34.0,1,0,4215,1006.0
1,1,2,65.0,0,1,4216,0.0
0,1,2,20.0,0,1,4216,0.0
2,1,2,29.0,0,1,4218,0.0
2,0,2,30.0,0,1,4218,2486.0
2,1,2,3.0,0,1,4219,0.0
2,0,2,40.0,0,0,4219,1268.0
2,0,2,32.0,0,0,4219,2476.0
0,0,2,31.0,0,0,4220,787.0
0,0,2,13.0,0,1,4221,1188.0
0,0,2,29.0,0,0,4222,812.0
0,0,2,28.0,0,0,4222,791.0
2,0,0,19.0,0,1,4223,1606.0
2,0,0,24.0,0,1,4223,665.0
2,1,2,22.0,0,0,4225,0.0
0,0,0,13.0,0,0,4229,2503.0
0,0,2,21.0,0,0,4230,865.0
0,0,0,24.0,0,1,4231,1445.0
1,0,2,47.0,0,1,4232,5199.0
1,0,2,27.0,0,0,4233,4336.0
0,0,2,18.0,0,1,4237,787.0
1,1,0,36.0,0,1,4238,0.0
0,0,2,68.0,0,0,4239,804.0
1,0,2,31.0,0,1,4240,0.0
2,1,2,28.0,0,1,4242,0.0
2,0,2,36.0,0,0,4243,3173.0
0,0,2,17.0,0,1,4244,1143.0
0,1,2,13.0,0,1,4245,0.0
0,0,2,30.0,0,0,4246,4179.0
1,0,2,58.0,0,1,4249,3434.0
1,1,2,43.0,0,1,4249,0.0
1,0,0,20.0,0,1,4249,2822.0
0,0,2,29.0,0,0,4251,1519.0
0,0,2,15.0,0,1,4252,1514.0
0,0,2,30.0,0,0,4253,809.0
1,0,0,33.0,0,0,4254,18233.0
1,1,2,25.0,0,1,4254,0.0
1,0,2,62.0,0,0,4254,3358.0
0,1,1,41.0,0,1,4255,0.0
0,0,2,27.0,0,0,4256,1915.0
0,1,2,18.0,0,0,4256,0.0
0,1,2,27.0,0,1,4256,0.0
0,0,2,19.0,0,1,4256,1481.0
0,0,2,37.0,0,0,4256,786.0
0,1,2,24.0,0,0,4256,0.0
0,0,2,29.0,0,0,4256,852.0
0,0,0,44.0,0,0,4256,699.0
0,0,2,19.0,0,0,4257,1442.0
1,0,2,39.0,0,0,4258,1717.0
1,0,2,63.0,0,0,4258,3391.0
1,0,2,39.0,0,0,4258,1680.0
2,1,2,41.0,0,1,4259,0.0
0,1,2,27.0,0,1,4260,0.0
2,0,0,56.0,0,1,4261,1063.0
1,1,2,22.0,0,1,4262,0.0
1,0,0,26.0,0,0,4262,11446.0
0,0,2,24.0,0,0,4264,1300.0
0,1,1,18.0,0,1,4266,0.0
0,1,2,13.0,0,1,4267,0.0
0,0,2,32.0,0,1,4267,1020.0
1,0,0,30.0,0,0,4270,8041.0
1,1,2,25.0,0,1,4271,0.0
0,0,2,55.0,0,1,4272,806.0
0,0,1,19.0,0,0,4273,671.0
0,0,2,24.0,0,1,4274,948.0
1,0,2,32.0,0,1,4278,4614.0
2,0,2,24.0,0,0,4280,0.0
2,1,2,32.0,0,1,4289,0.0
0,1,2,36.0,0,0,4291,0.0
1,0,0,28.0,0,1,4292,2185.0
0,0,2,52.0,0,1,4293,559.0
0,0,2,29.0,0,1,4294,750.0
2,0,0,23.0,0,1,4295,2765.0
2,1,2,32.0,0,1,4295,0.0
0,1,2,35.0,0,0,4296,0.0
1,0,0,41.0,0,0,4297,10412.0
0,1,1,16.0,0,1,4300,0.0
1,1,0,33.0,0,1,4301,0.0
0,1,0,6.0,0,1,4302,0.0
0,0,0,15.0,0,1,4303,877.0
0,0,2,38.0,0,0,4303,1019.0
0,0,2,56.0,0,0,4305,829.0
0,1,1,4.0,0,1,4305,0.0
0,1,1,21.0,0,1,4305,0.0
2,0,0,22.0,0,1,4306,1606.0
0,0,2,37.0,0,0,4309,788.0
0,0,2,6.0,0,1,4309,0.0
0,0,2,22.0,0,0,4311,1448.0
1,0,2,26.0,0,0,4312,7766.0
0,0,2,22.0,0,1,4315,717.0
0,0,2,20.0,0,1,4315,0.0
0,0,1,24.0,0,0,4316,1178.0
2,0,2,24.0,0,1,4317,2579.0
2,1,2,25.0,0,1,4318,0.0
0,0,2,48.0,0,0,4319,907.0
0,0,2,24.0,0,0,4320,793.0
2,0,0,3.0,0,1,4324,0.0
2,1,2,24.0,0,1,4324,0.0
2,0,2,25.0,0,0,4324,1754.0
2,1,0,1.0,0,1,4324,0.0
0,0,2,20.0,0,1,4327,899.0
0,0,2,22.0,0,0,4329,759.0
2,0,0,28.0,0,1,4330,1181.0
0,1,0,17.0,0,1,4332,0.0
1,0,0,28.0,0,0,4333,5515.0
1,1,2,47.0,0,1,4334,0.0
2,1,2,34.0,0,0,4335,0.0
1,0,2,29.0,1,1,4336,2785.0
1,1,2,14.0,0,1,4336,0.0
1,0,2,36.0,0,1,4336,2694.0
1,0,0,40.0,0,1,4336,10823.0
2,0,2,49.0,0,1,4337,1228.0
1,0,2,51.0,0,1,4338,0.0
1,0,2,41.0,0,1,4338,3578.0
1,0,0,44.0,0,1,4338,14807.0
2,0,2,47.0,0,0,4339,2259.0
0,0,2,22.0,0,1,4340,949.0
0,1,1,13.0,0,1,4343,0.0
0,0,2,18.0,0,1,4344,759.0
0,0,2,28.0,0,0,4345,1697.0
0,0,0,22.0,0,1,4346,722.0
0,0,2,50.0,0,0,4347,852.0
1,1,2,47.0,1,1,4348,0.0
2,0,2,55.0,0,0,4349,1298.0
0,1,2,21.0,0,1,4350,0.0
0,0,1,39.0,0,0,4350,2331.0
0,0,2,21.0,0,0,4351,1050.0
1,0,2,37.0,0,1,4352,4922.0
1,0,2,31.0,0,1,4352,10174.0
0,0,2,23.0,0,0,4354,365.0
1,1,0,28.0,0,1,4356,0.0
2,0,2,23.0,0,0,4357,3344.0
0,0,1,20.0,0,1,4358,610.0
1,0,2,28.0,0,0,4359,2836.0
1,0,0,40.0,0,1,4359,18267.0
1,0,0,54.0,0,0,4359,3600.0
2,1,2,18.0,0,1,4360,0.0
0,0,0,27.0,0,1,4361,1079.0
1,0,2,43.0,0,1,4362,3598.0
0,1,1,25.0,0,1,4364,0.0
0,0,2,13.0,0,0,4365,803.0
0,0,1,15.0,0,1,4366,878.0
0,1,0,37.0,0,1,4367,0.0
2,1,0,32.0,0,1,4368,0.0
0,0,2,19.0,0,0,4369,857.0
0,0,2,21.0,0,0,4370,1608.0
1,0,2,27.0,0,1,4371,3703.0
1,0,0,39.0,0,0,4371,5449.0
0,1,2,22.0,0,1,4371,0.0
1,0,2,25.0,0,1,4371,9841.0
1,0,0,34.0,0,1,4371,9784.0
2,1,2,54.0,0,1,4372,0.0
2,0,2,42.0,0,0,4372,955.0
0,0,1,36.0,0,0,4373,737.0
0,0,1,43.0,0,1,4376,623.0
0,0,1,23.0,0,1,4382,604.0
1,0,2,57.0,0,1,4383,0.0
1,0,2,54.0,0,1,4386,0.0
1,0,2,51.0,0,1,4386,17703.0
2,0,1,32.0,0,0,4387,651.0
1,0,2,33.0,0,1,4388,0.0
2,1,2,8.0,0,1,4390,0.0
2,1,2,44.0,0,1,4390,0.0
2,0,2,27.0,0,0,4390,1225.0
0,0,2,48.0,0,1,4391,786.0
0,0,0,13.0,0,0,4392,771.0
0,1,2,5.0,0,0,4393,0.0
0,0,2,18.0,0,0,4393,788.0
0,0,2,23.0,0,0,4395,918.0
0,0,2,23.0,0,0,4396,810.0
0,1,1,35.0,0,1,4397,0.0
0,0,2,25.0,0,0,4399,884.0
2,0,2,32.0,0,0,4400,1299.0
2,0,0,0.0,0,1,4400,0.0
2,1,2,5.0,0,1,4400,0.0
0,0,0,16.0,0,1,4401,0.0
0,1,1,18.0,0,1,4401,0.0
0,1,1,29.0,0,0,4402,0.0
0,0,2,55.0,0,0,4403,1469.0
0,0,2,41.0,0,0,4403,773.0
0,0,2,38.0,0,0,4404,527.0
1,1,2,27.0,0,1,4405,0.0
0,1,2,55.0,0,1,4407,0.0
2,1,2,75.0,0,1,4408,0.0
1,0,2,50.0,0,1,4409,1976.0
0,0,2,23.0,0,0,4410,784.0
0,0,1,37.0,0,1,4411,769.0
0,0,2,33.0,0,0,4413,854.0
2,0,2,45.0,0,0,4415,1309.0
1,1,0,47.0,0,1,4416,0.0
1,1,2,13.0,0,1,4422,0.0
1,0,2,29.0,0,1,4422,7793.0
2,0,2,19.0,0,0,4424,3644.0
2,1,2,30.0,0,1,4426,0.0
1,0,0,39.0,0,0,4427,3874.0
1,0,2,31.0,0,0,4427,3163.0
1,0,0,29.0,0,1,4428,12626.0
2,0,2,16.0,0,0,4429,1172.0
0,0,1,18.0,0,1,4430,1515.0
0,0,0,38.0,0,0,4431,1435.0
0,1,2,50.0,0,0,4432,0.0
0,1,1,21.0,0,0,4433,0.0
0,1,1,22.0,0,1,4436,0.0
0,1,2,20.0,0,1,4437,0.0
2,0,2,36.0,0,0,4438,1192.0
0,0,2,23.0,0,1,4440,353.0
1,1,0,31.0,1,1,4441,0.0
1,1,2,39.0,0,1,4441,0.0
1,0,0,50.0,0,1,4441,4826.0
0,0,2,40.0,0,0,4444,990.0
0,0,2,28.0,0,0,4445,645.0
1,0,2,38.0,0,0,4446,4429.0
1,0,2,37.0,0,0,4446,10750.0
1,1,0,59.0,0,1,4446,0.0
1,0,0,41.0,0,1,4446,6478.0
1,0,2,33.0,0,1,4446,6277.0
0,1,2,54.0,0,1,4447,0.0
0,0,2,40.0,0,1,4448,2414.0
2,0,2,43.0,0,1,4449,1057.0
1,1,0,26.0,0,1,4450,0.0
1,0,0,65.0,0,1,4450,7200.0
1,1,0,22.0,0,1,4450,0.0
1,0,2,28.0,0,0,4450,6921.0
0,1,2,35.0,0,1,4451,0.0
0,1,2,30.0,0,1,4452,0.0
1,0,2,28.0,0,0,4453,3001.0
0,0,2,23.0,0,1,4456,294.0
0,0,2,24.0,0,1,4457,755.0
0,1,1,16.0,0,1,4459,0.0
2,1,2,18.0,0,1,4461,0.0
0,0,2,20.0,0,0,4462,803.0
1,1,2,29.0,0,1,4463,0.0
1,1,2,29.0,0,1,4463,0.0
0,0,2,21.0,0,0,4464,0.0
1,1,2,2.0,0,0,4465,0.0
1,0,2,43.0,0,0,4465,3173.0
1,0,2,28.0,0,0,4465,6444.0
1,0,0,31.0,1,0,4466,4653.0
0,0,2,23.0,0,1,4467,756.0
1,1,2,26.0,0,1,4469,0.0
1,0,0,43.0,0,0,4469,5094.0
0,0,2,28.0,0,0,4470,1554.0
0,0,1,24.0,0,0,4472,1780.0
0,0,2,27.0,0,0,4472,748.0
2,0,0,13.0,0,0,4473,2924.0
2,0,2,27.0,0,0,4473,1021.0
0,1,2,2.0,0,1,4474,0.0
0,1,2,24.0,0,1,4474,0.0
0,1,2,2.0,0,1,4474,0.0
1,0,2,50.0,1,0,4475,2768.0
1,1,0,27.0,0,1,4475,0.0
0,0,2,26.0,0,0,4476,1457.0
0,0,0,31.0,0,0,4477,40.0
2,0,2,28.0,0,0,4479,3574.0
0,0,0,4.0,0,0,4482,0.0
0,0,2,9.0,0,1,4482,0.0
0,0,2,0.0,0,1,4482,0.0
0,1,2,35.0,0,0,4482,0.0
0,1,2,3.0,0,1,4482,0.0
2,0,2,25.0,0,0,4483,2384.0
2,0,2,63.0,0,0,4483,3149.0
2,1,2,34.0,0,1,4485,0.0
2,0,2,35.0,0,0,4485,3701.0
0,1,2,26.0,0,1,4486,0.0
0,0,2,39.0,0,0,4487,854.0
1,0,0,34.0,0,0,4490,2032.0
1,0,2,36.0,0,0,4491,3855.0
0,1,2,46.0,0,1,4492,0.0
0,0,2,26.0,0,1,4493,1409.0
2,1,2,28.0,0,1,4494,0.0
0,0,0,20.0,0,1,4496,3154.0
0,1,2,35.0,0,0,4497,0.0
0,0,0,11.0,0,0,4498,0.0
0,1,1,14.0,0,0,4498,0.0
0,1,1,4.0,0,1,4498,0.0
0,0,2,11.0,0,0,4498,0.0
0,1,2,31.0,0,1,4498,0.0
0,0,2,15.0,0,1,4498,893.0
0,0,2,39.0,0,0,4498,907.0
0,0,2,7.0,0,0,4498,0.0
0,0,2,24.0,0,0,4500,716.0
0,1,2,22.0,0,1,4501,0.0
2,1,2,26.0,0,0,4502,0.0
1,0,0,53.0,0,1,4505,3328.0
1,0,2,40.0,0,0,4505,279.0
2,0,2,19.0,0,0,4506,1049.0
2,0,0,54.0,0,0,4508,1320.0
2,0,2,21.0,0,0,4508,1298.0
2,0,2,25.0,0,0,4508,1348.0
2,0,2,48.0,0,1,4509,1014.0
2,0,1,41.0,0,1,4509,1135.0
2,0,2,13.0,0,1,4509,3273.0
1,0,2,57.0,0,1,4510,0.0
1,1,2,25.0,0,1,4511,0.0
1,1,0,48.0,0,1,4511,0.0
2,0,2,34.0,0,0,4512,1299.0
0,1,2,16.0,0,1,4514,0.0
0,0,2,0.0,0,0,4515,0.0
0,0,0,15.0,0,1,4515,3930.0
0,0,0,37.0,0,0,4516,930.0
0,0,2,37.0,0,0,4517,1995.0
0,0,2,49.0,0,0,4518,1816.0
0,0,2,18.0,0,0,4521,748.0
0,0,2,25.0,0,1,4522,903.0
0,0,1,24.0,0,1,4524,2166.0
0,0,0,43.0,0,0,4529,833.0
0,0,2,20.0,0,0,4530,691.0
1,1,2,54.0,0,1,4531,0.0
0,1,2,30.0,0,1,4532,0.0
1,1,2,37.0,0,1,4533,0.0
0,0,0,30.0,0,1,4534,655.0
0,0,2,20.0,0,0,4535,724.0
0,0,2,20.0,0,0,4535,909.0
0,0,2,24.0,0,0,4537,2151.0
0,0,2,44.0,0,0,4538,869.0
0,0,0,0.0,0,1,4539,0.0
0,1,2,15.0,0,1,4539,0.0
1,1,2,19.0,0,1,4542,0.0
1,1,0,20.0,0,1,4542,0.0
2,0,1,20.0,1,0,4543,1850.0
0,1,2,34.0,0,1,4544,0.0
0,0,1,17.0,0,1,4546,0.0
0,0,2,20.0,0,1,4547,828.0
0,0,2,42.0,0,0,4549,1619.0
0,0,2,28.0,0,1,4550,696.0
2,0,2,43.0,0,1,4552,2504.0
1,0,1,55.0,1,0,4553,5733.0
0,0,2,21.0,0,0,4555,808.0
0,0,2,17.0,0,0,4557,986.0
1,0,0,54.0,0,0,4558,18596.0
0,0,2,25.0,0,1,4559,754.0
0,0,2,24.0,0,1,4560,908.0
1,0,0,45.0,0,0,4561,6631.0
1,1,2,31.0,0,1,4562,0.0
1,1,0,19.0,0,1,4563,0.0
0,0,2,30.0,0,0,4564,49.0
0,0,2,24.0,0,0,4565,704.0
0,0,2,24.0,0,0,4567,933.0
2,0,2,42.0,0,0,4568,5963.0
1,1,0,29.0,0,1,4569,0.0
1,0,0,37.0,0,0,4569,6429.0
1,1,2,64.0,0,1,4570,0.0
0,1,2,24.0,0,1,4571,0.0
0,0,0,23.0,0,0,4572,809.0
0,0,2,22.0,0,1,4573,758.0
2,0,2,23.0,0,0,4574,1861.0
0,0,2,21.0,0,0,4575,796.0
0,0,2,37.0,0,0,4576,1553.0
2,0,2,17.0,0,1,4577,2429.0
2,1,2,35.0,0,1,4580,0.0
1,0,2,33.0,0,1,4581,5755.0
1,0,0,37.0,0,1,4581,2617.0
1,0,0,32.0,0,0,4585,7570.0
2,0,0,31.0,0,0,4586,547.0
1,0,2,24.0,0,0,4587,10554.0
1,1,0,34.0,0,1,4591,0.0
2,0,2,9.0,0,1,4592,0.0
2,1,2,25.0,0,1,4592,0.0
2,1,2,29.0,0,1,4592,0.0
2,1,2,1.0,0,1,4592,0.0
0,0,2,30.0,0,1,4593,808.0
1,0,2,64.0,0,0,4594,5629.0
1,0,2,31.0,0,0,4594,27848.0
1,0,2,27.0,0,1,4594,3200.0
1,0,2,24.0,0,0,4594,15991.0
1,1,2,25.0,0,1,4595,0.0
0,1,2,28.0,0,1,4596,0.0
0,1,2,32.0,0,1,4597,0.0
0,0,0,36.0,0,0,4602,727.0
1,0,0,26.0,0,1,4603,3888.0
1,0,2,36.0,0,0,4603,18537.0
0,0,2,37.0,0,0,4604,1792.0
0,0,2,45.0,0,0,4605,774.0
1,0,2,22.0,0,0,4606,3801.0
1,0,0,24.0,0,0,4606,9570.0
0,0,1,23.0,0,0,4607,774.0
0,0,0,31.0,0,1,4608,1051.0
1,0,2,37.0,0,0,4609,7565.0
0,0,2,28.0,0,0,4610,1019.0
0,1,2,23.0,0,1,4611,0.0
0,0,0,14.0,0,1,4612,770.0
1,1,2,40.0,0,1,4613,0.0
2,0,2,42.0,0,1,4615,2599.0
0,0,2,53.0,0,0,4617,1442.0
0,1,2,46.0,0,0,4620,0.0
2,0,2,28.0,0,1,4621,2082.0
0,1,0,25.0,0,1,4622,0.0
1,0,1,34.0,1,1,4623,44.0
2,0,2,58.0,0,0,4624,1348.0
1,0,2,31.0,0,1,4625,2522.0
1,1,0,24.0,0,1,4625,0.0
1,0,2,52.0,0,1,4625,3455.0
1,1,0,25.0,0,1,4625,0.0
1,1,2,17.0,0,1,4625,0.0
0,0,2,27.0,0,0,4625,3581.0
1,1,0,29.0,0,1,4625,0.0
1,0,2,45.0,0,1,4628,8573.0
0,0,1,28.0,0,1,4630,692.0
1,1,0,25.0,0,1,4631,0.0
1,1,2,57.0,0,1,4632,0.0
1,1,2,68.0,0,1,4632,0.0
1,0,0,26.0,0,0,4632,11426.0
1,0,2,52.0,0,0,4632,4314.0
1,0,2,36.0,0,0,4632,5843.0
0,0,1,41.0,0,0,4633,753.0
0,0,2,14.0,0,0,4634,906.0
0,1,1,16.0,0,1,4635,0.0
2,0,2,24.0,0,0,4637,1173.0
1,0,2,62.0,1,1,4638,3375.0
0,0,0,26.0,0,1,4640,810.0
0,0,2,45.0,0,0,4641,871.0
1,0,2,41.0,0,0,4642,4442.0
0,0,2,36.0,0,1,4643,724.0
0,0,0,13.0,0,1,4644,3096.0
1,0,2,48.0,0,1,4645,9636.0
1,1,2,24.0,0,1,4645,0.0
0,0,1,22.0,0,1,4646,670.0
0,0,2,39.0,0,1,4648,640.0
0,0,2,45.0,0,0,4649,1625.0
0,0,2,42.0,0,0,4650,1778.0
1,0,2,33.0,0,1,4651,8346.0
0,0,2,27.0,0,1,4652,997.0
0,0,2,47.0,0,0,4653,788.0
1,1,2,20.0,0,1,4654,0.0
1,1,0,32.0,0,1,4655,0.0
0,1,2,54.0,0,1,4655,0.0
0,0,2,23.0,0,0,4656,2118.0
0,0,2,9.0,0,0,4656,0.0
0,0,2,17.0,0,0,4657,849.0
1,0,2,26.0,0,0,4658,4152.0
1,0,2,38.0,0,0,4658,7396.0
0,0,2,24.0,0,0,4659,703.0
0,0,2,30.0,0,1,4661,2525.0
0,1,0,2.0,0,0,4661,0.0
0,1,2,4.0,0,1,4661,0.0
0,1,2,9.0,0,0,4661,0.0
0,0,2,30.0,0,0,4661,3437.0
0,1,2,5.0,0,0,4661,0.0
0,0,2,2.0,0,0,4661,0.0
1,0,2,32.0,0,0,4662,7833.0
1,1,2,53.0,0,1,4662,0.0
1,0,2,46.0,0,1,4662,4169.0
0,1,2,2.0,0,1,4663,0.0
0,1,2,1.0,0,1,4663,0.0
0,1,2,11.0,0,1,4663,0.0
0,0,0,3.0,0,1,4663,0.0
0,1,2,33.0,0,1,4663,0.0
0,1,0,3.0,0,1,4663,0.0
0,0,2,38.0,0,0,4664,994.0
0,1,1,21.0,0,0,4665,0.0
0,1,2,41.0,0,1,4667,0.0
1,1,0,64.0,0,1,4668,0.0
1,1,0,27.0,1,1,4668,0.0
0,1,0,41.0,0,0,4672,0.0
0,0,2,19.0,0,0,4673,639.0
0,0,2,42.0,0,1,4676,1804.0
1,0,0,30.0,0,0,4677,5882.0
0,0,2,38.0,0,0,4678,870.0
1,0,2,63.0,0,1,4679,7670.0
2,0,2,17.0,0,0,4680,40.0
2,1,2,2.0,0,1,4680,0.0
2,0,2,19.0,0,1,4680,0.0
2,0,2,37.0,0,0,4680,1182.0
2,0,2,50.0,0,1,4684,1128.0
0,0,2,38.0,0,1,4686,787.0
1,0,2,28.0,1,1,4689,4889.0
1,1,2,35.0,0,1,4690,0.0
1,0,2,27.0,0,0,4690,15815.0
0,0,2,15.0,0,0,4691,756.0
1,0,2,29.0,1,0,4693,6659.0
1,1,0,65.0,0,1,4693,0.0
0,0,0,27.0,0,1,4694,701.0
2,0,2,0.0,0,1,4695,0.0
2,0,2,21.0,0,0,4695,3149.0
2,1,2,19.0,0,1,4695,0.0
2,1,2,39.0,0,1,4696,0.0
0,0,0,60.0,0,0,4699,0.0
1,0,0,30.0,0,0,4704,6131.0
0,1,2,30.0,0,0,4706,0.0
0,1,2,40.0,0,1,4706,0.0
2,0,2,26.0,0,0,4708,1047.0
0,0,0,38.0,0,0,4709,2717.0
2,0,2,22.0,0,1,4710,2599.0
2,0,2,24.0,0,0,4710,2115.0
2,0,2,65.0,0,0,4711,1504.0
0,1,1,61.0,0,1,4712,0.0
0,0,2,20.0,0,0,4713,1244.0
0,1,2,24.0,0,0,4714,0.0
0,1,2,16.0,0,0,4717,0.0
2,1,2,35.0,0,1,4719,0.0
0,0,2,21.0,0,1,4720,864.0
0,1,2,23.0,0,1,4721,0.0
0,0,0,17.0,0,1,4723,764.0
0,0,1,24.0,0,0,4723,1068.0
0,0,0,27.0,0,0,4725,889.0
1,0,2,26.0,0,1,4726,3687.0
1,0,0,26.0,0,1,4726,5416.0
1,0,2,20.0,0,1,4726,3904.0
1,1,2,28.0,0,1,4726,0.0
1,0,2,37.0,0,1,4726,2252.0
2,0,2,23.0,0,0,4728,1289.0
2,1,2,49.0,0,1,4728,0.0
1,0,2,50.0,0,0,4730,7556.0
1,1,2,4.0,0,1,4732,0.0
1,1,2,32.0,0,1,4732,0.0
1,0,2,44.0,0,1,4732,0.0
0,0,2,20.0,0,1,4733,5648.0
2,0,2,30.0,0,0,4738,1573.0
2,0,2,29.0,0,0,4738,7347.0
0,0,2,22.0,0,1,4739,926.0
2,1,2,35.0,0,1,4741,0.0
2,0,0,0.0,0,1,4741,0.0
2,0,2,6.0,0,1,4741,0.0
1,0,2,38.0,0,1,4743,4819.0
1,0,2,34.0,0,1,4744,2124.0
1,1,0,34.0,0,1,4744,0.0
0,0,2,24.0,0,0,4746,627.0
2,0,2,53.0,0,0,4748,765.0
1,0,2,28.0,0,0,4750,2174.0
1,0,2,31.0,0,0,4750,3765.0
2,0,1,56.0,0,0,4752,1760.0
2,0,2,36.0,0,0,4753,1304.0
0,0,0,30.0,0,0,4754,791.0
2,1,2,32.0,0,1,4755,0.0
1,1,0,44.0,0,1,4756,0.0
1,1,0,54.0,0,1,4756,0.0
0,0,2,24.0,0,0,4757,2524.0
0,0,2,44.0,0,0,4758,871.0
0,0,2,25.0,0,0,4759,719.0
2,1,2,35.0,0,1,4762,0.0
2,0,2,29.0,0,1,4763,1191.0
0,0,2,22.0,0,1,4764,846.0
0,1,2,22.0,0,1,4769,0.0
0,0,0,22.0,0,1,4770,593.0
0,1,1,18.0,0,1,4770,0.0
0,0,0,22.0,0,0,4772,629.0
0,0,2,52.0,0,1,4773,1714.0
2,1,2,0.0,0,1,4774,0.0
2,1,2,1.0,0,1,4774,0.0
2,0,2,34.0,0,0,4774,2132.0
2,1,2,6.0,0,1,4774,0.0
0,0,2,22.0,0,1,4775,784.0
0,1,2,31.0,0,1,4777,0.0
1,0,2,31.0,0,0,4778,2083.0
2,0,2,20.0,0,0,4780,1014.0
2,1,2,25.0,0,1,4780,0.0
1,1,0,23.0,0,1,4782,0.0
1,0,2,53.0,0,0,4782,18934.0
1,0,0,32.0,0,0,4782,4338.0
1,1,0,27.0,0,1,4782,0.0
1,0,0,48.0,0,0,4782,12158.0
1,0,2,37.0,0,1,4783,12902.0
2,1,2,21.0,0,1,4784,0.0
1,1,0,29.0,0,1,4785,0.0
1,1,2,46.0,1,1,4786,0.0
0,0,2,19.0,0,0,4787,765.0
0,0,2,22.0,0,0,4788,778.0
1,0,2,54.0,1,0,4790,4519.0
0,0,2,43.0,0,1,4791,1706.0
0,1,2,18.0,0,1,4792,0.0
1,0,0,36.0,0,0,4793,4888.0
1,0,2,20.0,0,1,4793,5075.0
0,0,2,63.0,0,0,4794,703.0
0,0,2,50.0,0,1,4795,902.0
2,0,2,13.0,0,1,4796,1586.0
2,1,2,43.0,0,1,4796,0.0
0,1,1,16.0,0,1,4797,0.0
2,1,2,31.0,0,1,4798,0.0
2,1,2,0.0,0,1,4798,0.0
2,1,2,10.0,0,1,4798,0.0
0,1,2,10.0,0,0,4801,0.0
0,0,2,55.0,0,0,4803,1046.0
0,0,2,18.0,0,1,4804,1362.0
0,0,2,7.0,0,1,4804,0.0
0,1,2,1.0,0,1,4804,0.0
0,0,2,44.0,0,0,4807,887.0
2,0,2,27.0,0,0,4808,1297.0
0,0,1,20.0,0,0,4810,806.0
1,0,0,49.0,0,1,4813,7862.0
0,1,0,22.0,0,1,4814,0.0
0,0,0,21.0,0,1,4815,603.0
2,0,2,26.0,0,0,4817,1157.0
2,0,2,65.0,0,1,4818,1056.0
2,1,2,20.0,0,1,4819,0.0
2,1,0,0.0,0,1,4822,0.0
2,1,2,16.0,0,1,4822,0.0
0,1,2,22.0,0,1,4822,0.0
2,0,2,0.0,0,1,4822,0.0
0,0,2,21.0,0,0,4823,784.0
0,1,1,30.0,0,1,4827,0.0
0,0,0,14.0,0,1,4828,919.0
2,0,2,45.0,0,0,4829,1238.0
0,0,2,22.0,0,0,4830,804.0
2,1,2,21.0,0,1,4831,0.0
0,0,2,37.0,0,0,4832,983.0
2,1,2,29.0,0,1,4836,0.0
2,0,2,29.0,1,1,4836,1925.0
0,0,2,21.0,0,1,4837,820.0
0,0,2,52.0,0,0,4838,717.0
0,1,2,36.0,0,1,4840,0.0
1,1,0,59.0,0,1,4841,0.0
1,0,2,21.0,0,0,4841,3606.0
1,0,2,25.0,0,0,4841,16843.0
2,0,2,23.0,0,0,4842,2578.0
1,1,0,36.0,0,1,4845,0.0
0,0,2,38.0,0,0,4846,788.0
0,1,2,0.0,0,1,4846,0.0
0,0,2,19.0,0,1,4847,803.0
0,0,2,30.0,0,1,4848,801.0
0,0,2,23.0,0,1,4850,887.0
0,0,2,55.0,0,1,4850,446.0
0,0,1,44.0,0,1,4851,636.0
1,0,2,30.0,0,0,4853,4922.0
0,0,2,39.0,0,1,4856,777.0
0,0,0,19.0,0,0,4857,423.0
0,0,2,24.0,0,0,4862,888.0
1,0,2,37.0,0,0,4863,3778.0
0,0,0,24.0,0,0,4864,755.0
0,0,2,17.0,0,1,4866,2019.0
0,0,2,17.0,0,1,4868,788.0
0,0,0,14.0,0,0,4870,184.0
0,0,1,13.0,0,0,4871,611.0
1,0,0,35.0,0,1,4873,5015.0
2,0,2,32.0,0,1,4874,1309.0
2,1,2,18.0,0,1,4874,0.0
0,0,2,21.0,0,1,4875,647.0
2,0,2,25.0,0,0,4876,1227.0
2,0,2,36.0,0,0,4878,1910.0
0,0,2,20.0,0,0,4879,888.0
0,0,0,22.0,0,0,4880,1434.0
2,1,2,27.0,0,1,4881,0.0
1,0,2,24.0,0,0,4882,3897.0
0,1,2,38.0,0,1,4883,0.0
2,1,2,23.0,0,0,4884,0.0
2,0,2,21.0,0,1,4885,1289.0
0,0,2,18.0,0,0,4886,3062.0
0,0,2,20.0,0,1,4887,1527.0
1,1,2,28.0,0,1,4888,0.0
0,0,1,57.0,0,0,4889,767.0
0,0,0,10.0,0,1,4890,0.0
0,0,2,23.0,0,1,4890,874.0
1,1,2,22.0,0,1,4891,0.0
1,1,0,24.0,0,1,4891,0.0
0,0,2,52.0,0,0,4892,1817.0
0,1,0,31.0,0,1,4893,0.0
0,1,0,15.0,0,1,4895,0.0
0,0,2,40.0,0,0,4896,1108.0
0,0,2,18.0,0,0,4897,2152.0
0,0,2,28.0,0,1,4898,891.0
0,1,2,40.0,0,1,4899,0.0
0,0,1,32.0,0,1,4899,706.0
0,0,1,35.0,0,0,4900,684.0
0,0,2,52.0,0,0,4901,848.0
0,0,2,34.0,0,0,4901,996.0
0,1,2,46.0,0,0,4902,0.0
0,0,0,23.0,0,0,4903,2266.0
0,0,2,44.0,0,0,4904,790.0
0,0,0,59.0,0,0,4909,600.0
1,0,2,42.0,0,0,4910,4732.0
0,0,2,18.0,0,0,4911,702.0
2,0,2,29.0,0,0,4912,3370.0
2,1,2,15.0,0,1,4912,0.0
2,0,2,19.0,0,1,4913,1333.0
0,1,1,49.0,0,0,4915,0.0
2,1,2,19.0,0,1,4916,0.0
1,0,0,36.0,1,1,4917,11737.0
0,1,0,59.0,0,1,4918,0.0
0,1,0,24.0,0,1,4920,0.0
2,1,2,4.0,0,1,4923,0.0
2,1,2,20.0,0,1,4923,0.0
2,0,2,24.0,0,1,4923,1041.0
2,0,0,31.0,0,0,4924,1472.0
2,0,2,23.0,0,1,4925,5915.0
2,0,2,3.0,0,1,4927,0.0
2,1,2,22.0,0,1,4927,0.0
2,0,2,20.0,0,1,4927,0.0
2,0,2,0.0,0,1,4927,0.0
2,1,0,13.0,0,1,4929,0.0
1,1,2,47.0,0,1,4930,0.0
1,0,2,51.0,0,1,4930,3677.0
2,0,2,22.0,0,1,4932,867.0
2,1,0,3.0,0,1,4932,0.0
2,0,2,4.0,0,1,4933,0.0
0,0,2,16.0,0,0,4933,2093.0
2,0,2,24.0,0,0,4933,2204.0
2,1,2,1.0,0,1,4933,0.0
0,0,2,31.0,0,0,4934,1456.0
0,0,2,34.0,0,0,4937,1708.0
0,0,0,20.0,0,1,4938,847.0
0,0,2,19.0,0,1,4939,2077.0
0,1,2,19.0,0,1,4940,0.0
2,0,2,35.0,0,0,4941,1820.0
0,1,2,3.0,0,1,4942,0.0
0,1,2,36.0,0,1,4942,0.0
2,1,2,20.0,0,1,4943,0.0
1,0,0,24.0,0,1,4944,2444.0
1,0,0,58.0,0,0,4944,6378.0
1,0,2,56.0,0,0,4944,3776.0
0,1,1,27.0,0,1,4945,0.0
0,1,2,25.0,0,0,4946,0.0
0,1,1,39.0,0,0,4950,0.0
2,0,2,43.0,0,1,4951,1346.0
2,1,2,42.0,0,1,4952,0.0
0,0,2,24.0,0,1,4954,1758.0
0,1,2,19.0,0,1,4956,0.0
0,0,2,32.0,0,0,4958,709.0
2,0,2,32.0,0,1,4961,1328.0
0,1,2,61.0,0,1,4963,0.0
2,0,2,64.0,0,0,4964,2397.0
0,0,2,21.0,0,0,4965,1670.0
0,0,1,26.0,0,0,4970,1385.0
1,0,0,35.0,0,1,4972,4635.0
0,0,2,43.0,0,0,4973,997.0
0,1,0,3.0,0,1,4973,0.0
1,0,2,56.0,0,0,4974,10554.0
1,1,0,45.0,0,1,4974,0.0
0,1,1,25.0,0,1,4975,0.0
0,0,2,12.0,0,1,4975,0.0
0,1,1,2.0,0,1,4975,0.0
0,0,2,46.0,0,1,4977,870.0
0,0,2,32.0,0,0,4977,2993.0
0,0,2,20.0,0,0,4978,645.0
0,1,1,24.0,0,0,4979,0.0
0,0,2,28.0,0,0,4980,882.0
0,0,2,12.0,0,0,4980,0.0
0,0,2,11.0,0,0,4980,0.0
0,0,2,16.0,0,1,4981,776.0
0,0,1,29.0,0,1,4981,0.0
0,0,2,24.0,0,0,4981,709.0
0,0,2,22.0,0,1,4983,720.0
0,0,2,21.0,0,1,4987,786.0
0,0,2,38.0,0,0,4989,787.0
1,1,2,35.0,0,0,4990,0.0
0,0,2,79.0,0,0,4991,815.0
0,0,1,22.0,0,0,4992,546.0
0,0,0,42.0,0,1,4995,924.0
2,1,2,34.0,0,1,4996,0.0
1,1,2,52.0,0,1,4997,0.0
0,1,2,43.0,0,1,4998,0.0
0,0,2,30.0,0,0,4999,1914.0
0,1,2,35.0,0,1,5000,0.0
0,1,2,18.0,0,0,5003,0.0
1,1,2,27.0,0,1,5004,0.0
0,0,2,46.0,0,0,5005,901.0
1,1,2,15.0,0,1,5006,0.0
1,1,0,44.0,0,1,5006,0.0
1,0,2,20.0,0,0,5006,3507.0
2,0,2,35.0,0,0,5007,1443.0
2,1,2,19.0,0,1,5008,0.0
2,1,2,47.0,0,1,5009,0.0
2,0,2,26.0,1,0,5010,1749.0
0,1,0,24.0,0,1,5012,0.0
0,0,2,23.0,0,1,5013,2102.0
0,0,2,26.0,0,0,5014,2788.0
2,1,2,5.0,0,1,5014,0.0
1,0,0,35.0,0,0,5015,7503.0
2,0,2,18.0,0,0,5016,1432.0
2,1,2,32.0,0,1,5017,0.0
0,1,2,13.0,0,1,5018,0.0
0,0,2,15.0,0,0,5019,697.0
0,0,1,18.0,0,1,5020,671.0
1,0,2,41.0,0,1,5021,5087.0
0,0,0,36.0,0,0,5023,486.0
0,0,2,33.0,0,0,5025,1101.0
0,0,0,41.0,0,0,5027,792.0
1,0,0,47.0,0,0,5028,6422.0
1,1,2,32.0,0,1,5032,0.0
0,0,2,36.0,0,0,5034,4220.0
0,1,2,13.0,0,1,5035,0.0
0,1,1,34.0,0,0,5036,0.0
0,0,2,24.0,0,0,5036,908.0
2,0,2,16.0,0,0,5039,2685.0
2,1,2,12.0,0,1,5039,0.0
2,0,2,24.0,0,1,5039,1288.0
2,0,2,35.0,0,0,5039,1309.0
1,0,2,26.0,0,0,5040,19036.0
1,0,0,39.0,0,0,5040,6526.0
0,0,2,18.0,0,1,5042,736.0
0,0,2,23.0,0,0,5044,784.0
0,1,1,29.0,0,1,5044,0.0
0,0,2,38.0,0,1,5048,0.0
0,0,2,31.0,0,0,5050,868.0
2,0,2,49.0,0,0,5051,1299.0
2,1,2,17.0,0,1,5052,0.0
2,0,0,23.0,0,1,5052,2594.0
0,1,0,15.0,0,1,5057,0.0
2,1,2,11.0,0,1,5058,0.0
2,0,1,30.0,1,0,5058,1482.0
2,1,2,42.0,0,1,5058,0.0
0,0,0,21.0,0,0,5059,639.0
1,1,0,41.0,0,1,5060,0.0
1,1,2,14.0,0,1,5060,0.0
1,0,0,27.0,0,0,5060,2258.0
1,0,0,29.0,1,0,5060,10077.0
1,1,2,25.0,0,1,5061,0.0
1,0,2,54.0,0,1,5061,8420.0
0,0,2,46.0,0,0,5062,996.0
0,0,2,18.0,0,1,5063,810.0
1,0,0,22.0,0,0,5064,7474.0
1,1,0,29.0,0,1,5065,0.0
1,0,0,26.0,0,0,5065,3697.0
0,0,0,36.0,0,1,5067,2152.0
0,0,2,19.0,0,1,5068,0.0
0,0,1,56.0,0,0,5069,1379.0
0,0,2,20.0,0,1,5070,722.0
0,0,2,10.0,0,0,5072,0.0
0,1,1,14.0,0,0,5072,0.0
2,1,0,27.0,0,1,5073,0.0
2,0,2,35.0,0,0,5074,5916.0
0,0,2,13.0,0,0,5076,5208.0
0,0,2,21.0,0,0,5080,703.0
0,1,2,22.0,0,0,5083,0.0
1,1,2,29.0,0,0,5084,0.0
1,0,2,32.0,0,0,5084,20228.0
0,0,2,20.0,0,1,5085,565.0
2,0,2,44.0,0,0,5087,2598.0
0,0,0,22.0,0,1,5088,1768.0
1,0,2,39.0,0,0,5089,8050.0
1,0,2,19.0,0,1,5089,3791.0
0,0,2,0.0,0,0,5090,0.0
0,1,2,0.0,0,0,5090,0.0
0,0,1,12.0,0,1,5090,0.0
0,1,2,7.0,0,0,5090,0.0
0,0,1,32.0,0,0,5090,793.0
0,0,2,11.0,0,1,5090,0.0
0,0,0,18.0,0,0,5091,3064.0
1,0,0,49.0,1,0,5093,8056.0
2,1,2,61.0,0,1,5095,0.0
0,1,0,7.0,0,1,5097,0.0
0,0,2,25.0,0,1,5097,852.0
0,0,0,51.0,0,1,5097,712.0
1,1,2,56.0,0,1,5103,0.0
0,0,2,31.0,0,1,5104,753.0
0,1,1,16.0,0,1,5105,0.0
0,1,2,29.0,0,1,5106,0.0
0,1,1,17.0,0,1,5108,0.0
0,0,1,47.0,0,1,5109,741.0
1,0,2,25.0,0,0,5111,4307.0
1,0,2,28.0,0,0,5111,5495.0
1,0,2,32.0,0,0,5111,2924.0
1,1,0,56.0,0,1,5112,0.0
1,1,0,25.0,0,1,5112,0.0
1,1,2,13.0,0,1,5112,0.0
1,1,2,41.0,0,1,5115,0.0
1,1,0,28.0,0,1,5115,0.0
2,1,2,25.0,0,1,5116,0.0
2,1,2,11.0,0,1,5116,0.0
2,0,2,20.0,0,0,5120,0.0
0,0,2,24.0,0,1,5122,875.0
0,0,2,41.0,0,0,5124,705.0
0,0,0,29.0,0,0,5125,760.0
1,1,0,59.0,0,1,5126,0.0
0,0,2,31.0,0,1,5127,892.0
0,0,2,16.0,0,0,5127,2055.0
2,0,2,65.0,0,0,5128,1158.0
2,0,2,21.0,0,1,5128,2833.0
0,1,2,27.0,0,1,5129,0.0
0,1,2,37.0,0,1,5130,0.0
0,0,2,42.0,0,0,5132,5526.0
0,0,0,36.0,0,1,5133,846.0
0,1,1,24.0,0,0,5133,0.0
0,1,1,24.0,0,1,5133,0.0
0,0,0,19.0,0,0,5133,660.0
0,0,2,26.0,0,0,5133,948.0
0,1,0,19.0,0,1,5133,0.0
0,0,2,26.0,0,0,5133,1529.0
0,0,2,35.0,0,0,5133,868.0
0,0,0,24.0,0,0,5136,704.0
0,0,2,9.0,0,1,5137,0.0
1,0,0,40.0,0,1,5138,4137.0
0,1,1,23.0,0,1,5140,0.0
2,0,2,4.0,0,1,5142,0.0
2,0,2,20.0,0,0,5142,1801.0
2,1,2,21.0,0,1,5142,0.0
2,0,2,4.0,0,1,5142,0.0
0,1,2,19.0,0,1,5144,0.0
0,1,2,18.0,0,1,5145,0.0
0,0,0,26.0,0,1,5146,796.0
0,0,2,13.0,0,0,5148,1053.0
0,1,2,16.0,0,1,5148,0.0
2,1,2,14.0,0,1,5151,0.0
1,0,2,40.0,0,0,5152,3402.0
2,0,2,34.0,1,0,5154,1048.0
1,1,0,21.0,0,1,5156,0.0
1,0,2,29.0,0,1,5156,5841.0
0,0,2,40.0,0,1,5157,907.0
0,0,2,16.0,0,0,5158,62.0
0,0,2,37.0,0,0,5160,888.0
2,1,0,41.0,0,1,5161,0.0
2,1,0,16.0,0,1,5162,0.0
2,0,0,39.0,0,0,5162,1305.0
0,1,2,30.0,0,1,5163,0.0
0,0,2,40.0,0,1,5163,864.0
0,0,2,63.0,0,1,5165,645.0
2,0,2,32.0,0,1,5166,883.0
0,0,2,47.0,0,0,5167,1087.0
0,0,0,23.0,0,0,5170,720.0
0,0,2,23.0,0,0,5171,698.0
2,1,2,19.0,0,1,5173,0.0
1,1,0,44.0,0,1,5174,0.0
1,0,2,29.0,0,0,5174,6680.0
0,0,2,21.0,0,0,5175,783.0
0,0,2,23.0,0,0,5176,792.0
1,0,2,26.0,1,1,5177,0.0
1,1,0,47.0,0,1,5179,0.0
0,1,1,20.0,0,1,5180,0.0
1,0,2,48.0,0,1,5181,0.0
0,1,2,4.0,0,1,5182,0.0
0,0,2,25.0,0,1,5182,704.0
0,0,2,0.0,0,1,5184,0.0
2,0,2,29.0,0,0,5185,1359.0
0,0,2,21.0,0,0,5186,723.0
0,0,2,20.0,0,0,5187,954.0
0,0,2,34.0,0,0,5188,815.0
0,1,2,9.0,0,1,5188,0.0
0,1,2,12.0,0,0,5188,0.0
0,0,2,13.0,0,0,5190,1513.0
2,1,2,27.0,0,1,5192,0.0
1,0,2,34.0,0,1,5193,3994.0
1,1,2,18.0,0,1,5194,0.0
1,1,0,16.0,0,1,5194,0.0
0,1,2,43.0,0,1,5196,0.0
0,1,2,0.0,0,0,5196,0.0
0,0,2,20.0,0,1,5197,788.0
2,0,2,45.0,0,0,5198,1308.0
1,0,2,35.0,0,0,5199,4141.0
0,0,2,21.0,0,0,5201,2151.0
0,1,2,14.0,0,1,5202,0.0
0,0,1,46.0,0,0,5204,550.0
0,0,2,22.0,0,0,5205,1500.0
0,0,2,2.0,0,1,5205,0.0
0,0,2,3.0,0,1,5205,0.0
0,1,0,28.0,0,1,5206,0.0
0,0,1,60.0,0,0,5206,1075.0
0,0,1,48.0,0,0,5206,771.0
0,0,0,18.0,0,1,5207,827.0
0,0,2,31.0,0,0,5207,1385.0
1,1,0,26.0,0,1,5208,0.0
1,0,0,41.0,0,0,5208,7747.0
0,0,2,26.0,0,1,5209,716.0
0,0,2,29.0,0,1,5210,736.0
0,0,2,24.0,0,0,5211,1605.0
0,0,2,25.0,0,1,5213,923.0
0,0,0,0.0,0,0,5214,0.0
0,1,2,30.0,0,0,5216,0.0
1,1,0,18.0,0,1,5217,0.0
1,1,0,32.0,0,1,5217,0.0
0,0,2,28.0,0,0,5218,2414.0
2,0,2,21.0,0,0,5220,2578.0
0,0,2,25.0,0,0,5221,689.0
2,0,0,47.0,0,1,5223,299.0
2,1,1,24.0,0,1,5223,0.0
2,1,2,8.0,0,1,5223,0.0
0,0,2,24.0,0,0,5224,1500.0
2,1,2,30.0,0,1,5225,0.0
0,1,1,24.0,0,1,5226,0.0
0,1,2,13.0,0,1,5227,0.0
0,0,2,16.0,0,0,5229,990.0
2,0,2,23.0,0,1,5230,1855.0
2,0,2,16.0,0,1,5234,2639.0
0,0,2,29.0,0,0,5235,908.0
0,0,2,46.0,0,1,5236,995.0
0,1,1,13.0,0,0,5238,0.0
0,1,2,22.0,0,1,5239,0.0
0,1,2,29.0,0,1,5240,0.0
0,1,2,46.0,0,1,5242,0.0
0,0,2,24.0,0,1,5243,1235.0
0,1,2,33.0,0,1,5243,0.0
2,0,2,38.0,0,0,5244,1574.0
0,1,2,57.0,0,1,5246,0.0
0,0,2,24.0,0,1,5246,703.0
0,0,2,38.0,0,1,5247,2330.0
0,0,2,28.0,0,1,5248,834.0
2,0,2,25.0,0,0,5249,1014.0
2,1,2,22.0,0,1,5250,0.0
2,0,2,33.0,0,1,5251,2623.0
0,0,2,35.0,0,1,5252,1571.0
0,0,2,24.0,0,1,5253,802.0
1,1,2,31.0,0,1,5254,0.0
1,1,2,16.0,0,1,5254,0.0
1,1,2,28.0,0,1,5254,0.0
1,0,0,8.0,0,1,5254,0.0
2,1,2,20.0,0,1,5255,0.0
2,0,2,26.0,0,0,5256,1057.0
1,0,0,43.0,0,0,5257,3394.0
1,0,2,70.0,0,1,5258,3598.0
0,1,0,17.0,0,1,5260,0.0
0,1,2,14.0,0,1,5262,0.0
0,1,2,21.0,0,1,5264,0.0
0,0,0,37.0,0,1,5264,649.0
0,0,2,15.0,0,0,5265,1102.0
1,0,0,20.0,0,0,5266,2373.0
1,0,0,36.0,1,0,5266,12535.0
0,0,2,14.0,0,1,5268,58.0
0,0,2,21.0,0,1,5269,662.0
0,0,2,28.0,0,0,5271,921.0
2,1,2,20.0,0,1,5272,0.0
0,0,2,26.0,0,0,5273,828.0
0,0,2,25.0,0,0,5274,923.0
0,0,2,29.0,0,0,5275,724.0
1,0,0,39.0,1,1,5276,4841.0
0,0,2,18.0,0,1,5277,1319.0
1,1,0,37.0,0,1,5278,0.0
0,0,2,28.0,0,0,5279,774.0
0,0,2,18.0,0,1,5280,2728.0
0,0,2,30.0,0,0,5281,1060.0
0,0,2,35.0,0,1,5282,865.0
0,0,2,26.0,0,1,5282,683.0
0,1,0,0.0,0,1,5282,0.0
0,0,1,42.0,0,1,5287,264.0
0,0,2,36.0,0,1,5288,777.0
0,0,2,31.0,0,0,5290,1180.0
0,0,0,27.0,0,0,5291,3969.0
1,0,2,25.0,0,1,5292,4548.0
0,1,2,32.0,0,1,5297,0.0
0,1,2,14.0,0,1,5298,0.0
0,1,2,16.0,0,1,5299,0.0
0,1,0,51.0,0,1,5300,0.0
1,1,2,21.0,0,1,5301,0.0
1,1,0,31.0,0,1,5301,0.0
0,0,2,9.0,0,0,5303,0.0
0,0,2,7.0,0,1,5303,0.0
0,0,2,3.0,0,1,5303,0.0
0,1,2,2.0,0,1,5303,0.0
0,0,0,7.0,0,0,5303,0.0
2,0,2,18.0,0,0,5304,1760.0
2,1,2,33.0,0,1,5304,0.0
0,0,2,23.0,0,1,5305,2897.0
1,1,2,13.0,0,1,5307,0.0
2,0,2,32.0,0,0,5310,5341.0
1,1,2,27.0,0,1,5312,0.0
0,0,2,23.0,0,1,5313,552.0
1,0,2,25.0,0,1,5314,3793.0
0,0,2,18.0,0,0,5315,778.0
2,1,0,23.0,0,1,5316,0.0
1,1,0,31.0,0,1,5320,0.0
1,0,2,32.0,0,0,5320,1751.0
2,1,2,22.0,0,1,5322,0.0
2,1,2,38.0,0,1,5323,0.0
0,0,1,21.0,0,1,5325,757.0
2,1,2,28.0,0,1,5326,0.0
1,0,2,38.0,0,0,5327,0.0
0,0,2,20.0,0,1,5330,809.0
0,0,2,23.0,0,0,5331,633.0
0,0,2,48.0,0,1,5333,500.0
0,1,0,15.0,0,1,5334,0.0
0,0,2,30.0,0,1,5334,723.0
2,0,2,40.0,0,1,5337,2597.0
0,0,2,36.0,0,0,5340,710.0
0,1,2,20.0,0,1,5341,0.0
2,0,2,17.0,0,0,5343,946.0
1,0,0,38.0,0,0,5344,10947.0
1,1,0,38.0,0,1,5344,0.0
2,0,2,14.0,0,0,5345,868.0
2,0,2,24.0,0,0,5345,1590.0
0,0,2,21.0,0,1,5346,827.0
1,0,2,18.0,0,0,5347,7548.0
2,0,2,26.0,0,1,5348,1056.0
1,0,2,35.0,0,0,5350,4548.0
2,0,0,46.0,0,0,5351,2662.0
1,1,0,13.0,0,1,5353,0.0
1,0,2,39.0,0,1,5353,9670.0
2,0,1,49.0,0,0,5354,1775.0
2,0,2,28.0,0,0,5354,0.0
0,0,2,27.0,0,1,5355,796.0
0,1,2,21.0,0,1,5355,0.0
0,0,2,29.0,0,0,5356,4549.0
0,0,2,27.0,0,0,5359,803.0
2,1,2,38.0,0,1,5360,0.0
0,0,1,18.0,0,1,5361,150.0
1,1,0,35.0,0,1,5362,0.0
2,1,2,37.0,0,1,5363,0.0
0,0,2,60.0,0,0,5365,996.0
1,1,2,31.0,0,1,5366,0.0
1,1,2,4.0,0,1,5367,0.0
0,0,2,34.0,0,1,5367,4766.0
1,0,0,46.0,0,1,5367,9391.0
0,0,2,18.0,0,0,5368,2344.0
2,0,2,38.0,0,0,5372,373.0
0,0,2,29.0,0,1,5374,1005.0
1,1,2,13.0,0,1,5375,0.0
1,1,2,26.0,0,1,5375,0.0
1,0,2,30.0,0,0,5378,6855.0
0,0,2,42.0,0,0,5379,3417.0
2,0,2,36.0,0,0,5380,1148.0
0,0,0,23.0,0,0,5383,1431.0
1,0,2,34.0,1,1,5384,6544.0
1,0,2,26.0,0,1,5384,5041.0
2,0,2,31.0,0,0,5385,3224.0
2,0,2,48.0,0,0,5387,746.0
0,1,2,10.0,0,1,5388,0.0
2,0,2,27.0,0,1,5389,1348.0
2,0,2,32.0,0,0,5389,2598.0
0,1,2,24.0,0,1,5390,0.0
0,1,1,20.0,0,1,5390,0.0
0,0,2,48.0,0,1,5390,891.0
2,0,2,35.0,1,0,5392,1298.0
2,0,2,14.0,0,1,5394,2399.0
2,0,2,28.0,0,1,5395,2578.0
2,0,2,24.0,0,0,5396,1129.0
2,1,2,42.0,0,1,5397,0.0
2,1,2,8.0,0,1,5397,0.0
2,1,0,30.0,0,1,5397,0.0
0,0,2,44.0,0,0,5401,812.0
2,0,2,40.0,0,0,5402,1348.0
0,0,2,38.0,0,0,5404,804.0
0,0,1,22.0,0,0,5406,598.0
2,0,2,32.0,0,0,5408,3015.0
2,0,2,16.0,0,0,5408,3367.0
2,0,2,33.0,0,0,5410,2383.0
1,0,2,38.0,0,0,5411,6087.0
0,0,2,23.0,0,1,5412,808.0
0,0,2,16.0,0,1,5413,928.0
0,0,1,16.0,0,0,5414,769.0
0,0,2,11.0,0,0,5414,0.0
0,0,2,22.0,0,0,5414,1235.0
0,0,2,43.0,0,0,5414,1544.0
0,1,1,20.0,0,1,5414,0.0
0,0,2,22.0,0,0,5415,1069.0
2,0,2,0.0,0,1,5416,0.0
2,0,2,30.0,0,0,5416,1298.0
2,1,2,18.0,0,1,5416,0.0
2,0,0,0.0,0,1,5416,0.0
2,0,2,41.0,0,0,5418,1298.0
0,0,2,39.0,0,1,5420,830.0
0,0,2,37.0,0,0,5421,3762.0
1,1,0,26.0,0,1,5422,0.0
2,0,2,49.0,0,0,5423,742.0
2,0,2,28.0,0,1,5423,2082.0
2,0,1,13.0,0,0,5424,1698.0
0,0,2,64.0,0,0,5424,1172.0
0,0,1,24.0,0,0,5425,746.0
0,1,2,18.0,0,1,5427,0.0
2,0,2,18.0,0,0,5427,3674.0
2,0,2,25.0,0,0,5427,1119.0
0,1,2,19.0,0,0,5430,0.0
0,0,0,33.0,0,1,5431,722.0
0,1,2,24.0,0,1,5434,0.0
2,0,2,50.0,0,0,5435,1406.0
0,0,2,30.0,0,0,5436,829.0
2,0,2,44.0,0,1,5437,1288.0
0,1,1,52.0,0,0,5438,0.0
0,1,2,7.0,0,1,5440,0.0
0,0,0,30.0,0,0,5440,716.0
0,0,2,27.0,0,0,5440,1109.0
1,1,0,24.0,0,1,5441,0.0
0,0,0,13.0,0,0,5443,699.0
0,0,2,61.0,0,0,5445,869.0
0,1,2,32.0,0,1,5446,0.0
2,1,0,17.0,0,1,5447,0.0
2,0,2,36.0,0,1,5447,0.0
0,1,1,16.0,0,1,5450,0.0
0,0,1,21.0,0,1,5451,697.0
1,0,2,24.0,0,1,5452,0.0
0,0,0,28.0,0,0,5453,1128.0
2,0,2,24.0,0,0,5454,2347.0
2,0,0,13.0,0,0,5455,10801.0
0,0,2,39.0,0,0,5457,740.0
0,0,2,24.0,0,0,5458,987.0
1,0,2,38.0,0,0,5459,4079.0
2,0,2,20.0,0,0,5462,1492.0
0,0,2,21.0,0,1,5463,724.0
2,0,2,27.0,0,0,5465,2570.0
0,0,2,49.0,0,0,5465,1819.0
2,1,2,6.0,0,1,5465,0.0
1,1,0,41.0,0,1,5466,0.0
1,0,0,33.0,1,0,5466,9728.0
1,0,2,6.0,0,1,5466,0.0
1,0,0,35.0,0,0,5466,17003.0
1,0,2,46.0,0,0,5466,12497.0
0,0,2,31.0,0,0,5467,2725.0
1,1,2,32.0,0,1,5468,0.0
1,1,0,31.0,0,1,5469,0.0
0,1,2,20.0,0,0,5470,0.0
0,0,2,57.0,0,0,5471,685.0
0,0,1,37.0,0,1,5472,570.0
0,1,2,21.0,0,1,5474,0.0
0,0,2,43.0,0,0,5475,1.0
0,0,2,49.0,0,1,5476,1024.0
0,0,2,17.0,0,1,5477,886.0
2,0,2,29.0,0,0,5478,1773.0
0,1,0,36.0,0,1,5479,0.0
1,0,2,37.0,0,0,5480,21455.0
0,0,1,17.0,0,0,5483,683.0
2,1,0,45.0,0,1,5484,0.0
0,0,2,20.0,0,0,5485,809.0
2,1,2,24.0,0,1,5487,0.0
1,1,2,28.0,0,1,5488,0.0
1,0,2,15.0,0,1,5488,7358.0
1,0,2,53.0,0,0,5488,11789.0
1,1,2,51.0,0,1,5488,0.0
0,1,2,14.0,0,1,5489,0.0
0,1,2,1.0,0,0,5489,0.0
2,0,2,26.0,0,0,5490,2219.0
0,0,2,20.0,0,0,5491,887.0
0,0,2,23.0,0,0,5492,1344.0
0,0,2,22.0,0,1,5494,822.0
0,1,0,22.0,0,1,5496,0.0
1,1,2,13.0,0,1,5497,0.0
1,0,2,28.0,0,1,5497,0.0
0,1,2,40.0,0,1,5499,0.0
2,0,0,21.0,0,0,5500,4157.0
0,0,2,35.0,0,1,5501,887.0
0,0,2,22.0,0,0,5504,1449.0
1,1,2,37.0,0,1,5506,0.0
2,0,2,21.0,0,0,5507,0.0
0,0,2,50.0,0,0,5508,982.0
0,0,2,27.0,0,1,5509,800.0
0,1,2,20.0,0,1,5510,0.0
0,1,2,15.0,0,1,5511,0.0
0,0,1,25.0,0,0,5511,1631.0
1,0,0,31.0,0,0,5512,4616.0
1,0,0,24.0,0,1,5512,9951.0
0,1,2,18.0,0,1,5514,0.0
0,1,1,2.0,0,1,5514,0.0
0,0,2,27.0,0,1,5514,927.0
0,0,2,0.0,0,1,5514,0.0
0,0,2,22.0,0,0,5515,804.0
2,0,2,24.0,0,0,5517,0.0
0,0,2,56.0,0,1,5520,782.0
0,0,2,28.0,0,0,5521,800.0
0,0,0,42.0,0,1,5522,666.0
0,0,2,20.0,0,1,5522,703.0
0,0,2,27.0,0,1,5522,1102.0
0,0,1,29.0,0,0,5523,422.0
0,0,0,36.0,0,1,5524,645.0
0,0,2,23.0,0,0,5526,149.0
0,1,2,64.0,0,1,5526,0.0
0,0,2,19.0,0,0,5527,1757.0
0,1,0,1.0,0,0,5527,0.0
0,1,2,49.0,0,0,5527,0.0
0,1,0,0.0,0,1,5527,0.0
0,0,2,18.0,0,0,5528,758.0
1,0,0,39.0,0,0,5529,7592.0
2,0,2,37.0,0,0,5530,1013.0
2,1,2,44.0,0,1,5530,0.0
2,0,1,43.0,0,0,5531,1434.0
2,1,2,33.0,0,1,5531,0.0
0,0,2,20.0,0,1,5535,907.0
0,0,2,0.0,0,1,5535,0.0
0,0,0,4.0,0,1,5535,0.0
2,1,2,20.0,0,1,5536,0.0
2,0,2,50.0,0,0,5537,1910.0
2,1,2,47.0,0,1,5538,0.0
2,1,2,17.0,0,1,5538,0.0
1,0,2,26.0,0,0,5539,9855.0
0,0,2,21.0,0,1,5540,399.0
2,1,2,20.0,0,1,5541,0.0
1,1,2,26.0,0,1,5543,0.0
2,0,2,24.0,1,0,5544,1710.0
0,0,1,34.0,0,1,5545,773.0
0,1,2,11.0,0,1,5545,0.0
0,1,2,0.0,0,1,5545,0.0
1,0,0,28.0,0,0,5546,9621.0
0,0,2,33.0,0,1,5550,881.0
0,1,2,22.0,0,1,5551,0.0
2,0,2,28.0,0,0,5552,0.0
2,1,2,11.0,0,1,5552,0.0
2,0,2,60.0,0,0,5552,2364.0
0,0,2,43.0,0,1,5555,922.0
0,0,2,27.0,0,0,5556,1608.0
0,1,2,37.0,0,1,5557,0.0
0,1,0,23.0,0,1,5559,0.0
2,0,2,57.0,0,0,5560,2729.0
1,1,2,29.0,0,1,5561,0.0
1,0,2,28.0,0,0,5561,7850.0
1,0,2,42.0,0,0,5561,9069.0
1,0,2,43.0,0,0,5561,3488.0
1,1,2,26.0,0,1,5563,0.0
1,0,0,72.0,0,0,5566,6192.0
1,0,2,49.0,0,0,5568,7318.0
1,1,0,29.0,1,1,5568,0.0
0,1,2,18.0,0,0,5569,0.0
0,0,0,26.0,0,1,5571,909.0
2,1,0,19.0,0,1,5572,0.0
0,0,0,18.0,0,0,5573,823.0
0,0,0,14.0,0,0,5574,1539.0
2,0,2,44.0,0,0,5575,2365.0
2,1,2,34.0,0,1,5575,0.0
0,1,0,18.0,0,1,5578,0.0
0,1,1,36.0,0,1,5580,0.0
1,1,0,27.0,0,1,5581,0.0
0,0,2,35.0,0,0,5582,1437.0
1,0,2,52.0,0,1,5583,4164.0
0,0,1,22.0,0,0,5585,773.0
0,0,2,34.0,0,1,5585,806.0
0,0,1,37.0,0,0,5586,753.0
0,0,0,22.0,0,0,5587,739.0
0,0,2,26.0,0,1,5589,880.0
0,0,0,14.0,0,0,5591,791.0
2,1,0,53.0,0,1,5592,0.0
0,0,2,17.0,0,0,5594,2005.0
0,0,2,30.0,0,0,5595,871.0
1,0,2,65.0,0,0,5596,3786.0
0,0,2,19.0,0,1,5598,710.0
1,0,0,36.0,0,0,5599,2608.0
0,1,2,3.0,0,1,5601,0.0
0,0,2,6.0,0,1,5601,0.0
0,0,0,4.0,0,1,5601,0.0
0,0,2,21.0,0,1,5601,2786.0
0,1,0,8.0,0,1,5601,0.0
1,1,2,35.0,0,1,5602,0.0
1,0,0,18.0,0,1,5602,4046.0
0,0,2,34.0,0,0,5603,12473.0
1,1,0,45.0,0,1,5606,0.0
1,0,2,31.0,0,1,5606,2412.0
0,0,2,14.0,0,1,5608,902.0
0,0,2,23.0,0,0,5609,770.0
1,1,2,61.0,0,1,5610,0.0
1,0,0,54.0,1,0,5610,22751.0
1,1,2,28.0,0,1,5611,0.0
1,0,2,46.0,0,0,5611,9021.0
0,0,2,32.0,0,1,5613,1180.0
0,1,0,49.0,0,1,5614,0.0
0,1,0,20.0,0,1,5615,0.0
0,0,1,25.0,0,1,5616,937.0
0,0,2,19.0,0,1,5618,804.0
0,1,0,28.0,0,1,5619,0.0
0,0,2,68.0,0,1,5622,970.0
0,1,2,16.0,0,1,5623,0.0
2,1,2,19.0,0,0,5625,0.0
2,0,1,49.0,0,0,5625,0.0
2,0,2,15.0,0,0,5625,2206.0
2,1,2,26.0,0,1,5625,0.0
2,0,2,22.0,0,0,5625,1182.0
0,1,1,23.0,0,1,5626,0.0
0,0,2,31.0,0,0,5627,0.0
0,1,2,27.0,0,0,5628,0.0
0,1,2,28.0,0,1,5629,0.0
0,0,2,20.0,0,0,5631,2758.0
0,0,2,43.0,0,0,5637,724.0
0,0,2,22.0,0,1,5639,622.0
1,1,2,27.0,0,1,5640,0.0
1,1,2,35.0,0,1,5642,0.0
1,1,0,37.0,0,1,5642,0.0
2,0,2,24.0,0,1,5643,1753.0
2,0,0,18.0,0,0,5643,2820.0
2,0,2,15.0,0,0,5643,698.0
2,0,2,28.0,0,0,5644,1915.0
0,0,2,24.0,0,1,5645,2251.0
2,1,0,39.0,0,1,5646,0.0
1,1,2,35.0,0,1,5647,0.0
1,0,0,52.0,0,1,5647,2776.0
1,0,2,48.0,0,0,5647,4329.0
1,0,0,27.0,0,0,5648,6072.0
1,0,0,50.0,0,0,5648,8564.0
0,0,2,24.0,0,0,5650,1816.0
0,0,1,26.0,0,1,5651,847.0
0,0,2,24.0,0,0,5652,565.0
0,1,2,15.0,0,0,5653,0.0
0,0,1,42.0,0,0,5655,1233.0
0,0,2,51.0,0,0,5659,880.0
0,0,1,43.0,0,1,5661,691.0
0,1,0,31.0,0,0,5661,0.0
0,1,2,14.0,0,1,5662,0.0
0,0,2,31.0,0,0,5662,692.0
1,0,2,33.0,0,1,5663,1725.0
0,0,0,21.0,0,0,5667,4393.0
0,0,2,13.0,0,0,5671,1800.0
0,0,2,29.0,0,1,5673,831.0
1,0,2,22.0,0,0,5674,21842.0
2,0,2,22.0,0,0,5677,1299.0
0,1,1,18.0,0,1,5679,0.0
0,1,0,35.0,0,1,5679,0.0
0,1,2,20.0,0,1,5679,0.0
0,0,2,18.0,0,1,5680,1609.0
0,1,2,66.0,0,1,5681,0.0
0,1,2,33.0,0,1,5684,0.0
1,1,0,48.0,0,1,5684,0.0
1,0,0,38.0,0,0,5684,2768.0
1,1,2,62.0,0,1,5684,0.0
0,1,2,19.0,0,0,5685,0.0
2,0,0,44.0,0,0,5686,2374.0
2,0,0,25.0,0,0,5686,2380.0
0,0,2,15.0,0,0,5687,1975.0
0,0,2,20.0,0,1,5688,1299.0
0,0,2,34.0,0,0,5689,1443.0
2,0,2,23.0,0,0,5692,2348.0
0,0,2,45.0,0,1,5693,2416.0
0,1,2,39.0,0,1,5695,0.0
0,1,1,33.0,0,1,5696,0.0
0,0,2,14.0,0,0,5698,877.0
0,0,2,26.0,0,1,5698,885.0
0,1,2,47.0,0,1,5700,0.0
2,1,2,24.0,0,1,5701,0.0
0,1,0,28.0,0,1,5702,0.0
0,1,2,22.0,0,1,5704,0.0
0,1,2,17.0,0,1,5705,0.0
0,0,2,16.0,0,1,5706,1183.0
0,0,2,9.0,0,1,5706,0.0
0,0,2,15.0,0,1,5707,1002.0
1,0,2,33.0,0,1,5709,8475.0
0,0,2,61.0,0,1,5710,1262.0
0,0,2,19.0,0,0,5711,856.0
1,1,2,61.0,0,1,5712,0.0
0,0,2,42.0,0,1,5713,825.0
0,0,2,4.0,0,0,5714,0.0
0,0,2,12.0,0,1,5714,0.0
0,0,2,0.0,0,1,5714,0.0
0,1,2,19.0,0,1,5714,0.0
0,1,2,24.0,0,1,5714,0.0
0,0,1,29.0,0,1,5716,1328.0
0,0,2,59.0,0,1,5717,949.0
0,1,2,20.0,0,1,5718,0.0
0,0,2,70.0,0,1,5719,908.0
0,1,2,3.0,0,0,5719,0.0
1,1,2,37.0,0,1,5721,0.0
1,0,2,58.0,0,0,5721,6306.0
0,0,2,44.0,0,0,5722,2367.0
2,1,2,24.0,0,0,5723,0.0
0,1,1,20.0,0,1,5724,0.0
0,0,2,24.0,0,1,5725,1392.0
1,1,0,27.0,0,1,5726,0.0
0,0,0,28.0,0,0,5727,711.0
0,0,2,24.0,0,0,5728,804.0
2,1,2,29.0,0,1,5729,0.0
0,0,2,25.0,0,0,5730,2151.0
0,0,2,20.0,0,0,5732,809.0
0,0,0,34.0,0,1,5733,1793.0
0,0,2,28.0,0,0,5733,1300.0
0,1,2,24.0,0,1,5735,0.0
0,0,2,23.0,0,0,5736,620.0
1,0,2,39.0,0,1,5737,11911.0
1,0,2,35.0,0,1,5737,8694.0
0,1,2,18.0,0,1,5738,0.0
0,1,2,20.0,0,1,5739,0.0
1,0,2,42.0,0,0,5740,7652.0
1,0,0,32.0,0,0,5740,3402.0
0,0,0,50.0,0,0,5742,729.0
0,0,2,23.0,0,1,5744,906.0
0,0,2,19.0,0,0,5746,5520.0
0,0,2,29.0,0,0,5747,762.0
1,0,2,35.0,1,0,5748,3127.0
0,0,2,18.0,0,0,5750,981.0
0,0,1,24.0,0,0,5751,772.0
0,0,2,23.0,0,1,5755,674.0
0,0,2,51.0,0,0,5756,902.0
0,0,2,42.0,0,0,5756,693.0
0,0,1,19.0,0,0,5756,721.0
0,0,2,23.0,0,0,5756,0.0
0,1,2,19.0,0,1,5756,0.0
0,0,1,22.0,0,0,5756,660.0
0,0,2,25.0,0,0,5756,3177.0
0,0,1,31.0,0,0,5756,3043.0
0,0,2,23.0,0,0,5757,559.0
0,1,2,22.0,0,1,5758,0.0
1,1,2,55.0,0,1,5761,0.0
0,0,2,40.0,0,0,5763,699.0
0,0,2,24.0,0,0,5763,1031.0
0,0,2,25.0,0,1,5764,1046.0
1,0,2,42.0,0,0,5765,2640.0
0,1,1,33.0,0,1,5767,0.0
1,1,2,54.0,0,1,5768,0.0
1,1,0,22.0,0,1,5768,0.0
1,1,2,22.0,0,1,5769,0.0
1,1,0,19.0,0,1,5769,0.0
0,0,2,47.0,0,1,5771,872.0
2,0,0,23.0,0,0,5772,2901.0
1,1,0,61.0,0,1,5773,0.0
0,0,2,21.0,0,0,5776,724.0
0,0,1,46.0,0,0,5777,1371.0
0,0,2,36.0,0,0,5778,907.0
0,0,2,15.0,0,1,5779,706.0
1,0,2,33.0,0,1,5780,8937.0
1,1,2,35.0,0,1,5780,0.0
1,1,0,21.0,0,1,5780,0.0
0,0,0,21.0,0,0,5781,595.0
0,0,0,43.0,0,1,5783,1421.0
0,0,1,34.0,0,0,5785,571.0
0,0,1,47.0,0,0,5786,1737.0
2,0,2,27.0,0,1,5788,1532.0
1,0,2,46.0,0,0,5790,5411.0
0,0,2,46.0,0,1,5791,1014.0
1,0,0,40.0,0,0,5792,9881.0
1,1,0,59.0,0,1,5793,0.0
1,0,2,45.0,0,0,5794,6202.0
0,0,1,19.0,0,1,5795,690.0
2,0,2,32.0,0,0,5796,6883.0
0,1,0,39.0,0,1,5799,0.0
0,0,2,40.0,0,0,5800,1497.0
2,0,2,44.0,0,1,5802,1056.0
0,1,2,26.0,0,0,5804,0.0
0,0,2,22.0,0,0,5806,1228.0
0,0,2,2.0,0,0,5808,0.0
0,0,2,18.0,0,0,5808,796.0
0,0,2,53.0,0,0,5808,758.0
0,0,2,22.0,0,0,5809,1298.0
0,0,2,46.0,0,1,5809,2175.0
0,1,2,28.0,0,1,5810,0.0
0,0,2,31.0,0,1,5810,1563.0
1,0,0,36.0,0,0,5811,6263.0
1,0,0,46.0,0,1,5811,6096.0
0,1,2,0.0,0,1,5812,0.0
0,0,2,3.0,0,1,5812,0.0
0,1,2,12.0,0,1,5812,0.0
0,1,2,2.0,0,1,5812,0.0
0,1,2,41.0,0,1,5812,0.0
0,1,0,11.0,0,1,5812,0.0
0,1,2,41.0,0,1,5813,0.0
2,0,2,17.0,0,0,5814,1182.0
2,1,0,21.0,0,1,5814,0.0
2,1,0,21.0,0,1,5814,0.0
2,0,2,27.0,0,1,5814,1033.0
2,1,2,54.0,0,1,5814,0.0
2,0,2,15.0,0,0,5814,3462.0
2,1,2,39.0,0,1,5814,0.0
0,0,2,31.0,0,1,5816,395.0
2,1,2,28.0,0,1,5817,0.0
0,0,2,21.0,0,0,5818,3560.0
1,1,2,29.0,0,1,5819,0.0
0,0,2,45.0,0,1,5820,716.0
1,0,0,44.0,0,0,5821,6527.0
0,1,2,12.0,0,1,5822,0.0
0,1,0,18.0,0,1,5823,0.0
0,1,0,20.0,0,1,5824,0.0
1,0,2,43.0,0,1,5825,9388.0
0,1,0,46.0,0,1,5826,0.0
0,0,2,53.0,0,1,5827,992.0
0,0,2,21.0,0,0,5828,621.0
0,0,2,23.0,0,0,5829,737.0
0,0,0,9.0,0,0,5831,0.0
0,0,2,19.0,0,0,5834,1100.0
0,1,1,52.0,0,1,5835,0.0
1,1,0,31.0,0,1,5836,0.0
0,0,2,62.0,0,0,5837,776.0
1,1,2,27.0,0,1,5839,0.0
0,1,2,23.0,0,0,5840,0.0
1,1,0,28.0,0,1,5842,0.0
1,1,0,27.0,0,1,5842,0.0
0,1,2,58.0,0,1,5843,0.0
0,0,0,24.0,0,1,5844,865.0
2,0,2,27.0,1,0,5846,1048.0
0,0,2,33.0,0,0,5847,1451.0
0,0,2,28.0,0,1,5848,996.0
0,0,2,39.0,0,0,5849,1104.0
0,0,2,27.0,0,0,5852,987.0
0,0,2,36.0,0,1,5854,2084.0
0,0,2,64.0,0,1,5855,2450.0
0,0,1,41.0,0,1,5855,752.0
1,1,0,24.0,0,1,5856,0.0
1,1,2,27.0,0,1,5856,0.0
1,0,2,24.0,0,0,5857,4036.0
0,0,0,22.0,0,1,5858,808.0
0,0,2,23.0,0,1,5859,4000.0
2,0,2,40.0,0,0,5860,1307.0
2,1,2,2.0,0,1,5860,0.0
2,0,2,0.0,0,1,5860,0.0
0,0,2,27.0,0,1,5861,1804.0
0,0,0,0.0,0,1,5863,0.0
0,0,2,17.0,0,0,5863,902.0
0,0,2,45.0,0,0,5867,1525.0
0,0,2,62.0,0,0,5868,787.0
0,1,0,14.0,0,1,5869,0.0
0,0,0,24.0,0,1,5871,2217.0
0,1,1,51.0,0,1,5874,0.0
0,0,2,49.0,0,0,5875,789.0
2,0,2,52.0,0,1,5876,1939.0
2,1,0,35.0,0,1,5876,0.0
2,1,2,22.0,0,1,5876,0.0
0,0,2,17.0,0,0,5877,1552.0
1,1,0,47.0,0,1,5878,0.0
2,1,2,25.0,0,1,5879,0.0
0,1,2,11.0,0,1,5880,0.0
0,0,2,17.0,0,0,5882,1150.0
0,0,2,41.0,0,1,5885,640.0
0,0,2,55.0,0,1,5885,1416.0
0,0,2,29.0,0,1,5885,2428.0
0,0,2,19.0,0,0,5885,888.0
0,1,0,23.0,0,1,5885,0.0
0,0,2,32.0,0,0,5885,5525.0
0,0,2,27.0,0,0,5885,1818.0
0,0,2,25.0,0,1,5885,892.0
2,0,2,24.0,0,0,5886,1566.0
2,1,2,30.0,0,0,5886,0.0
0,0,1,50.0,0,1,5887,844.0
0,0,2,51.0,0,0,5887,826.0
2,0,0,27.0,0,0,5888,1331.0
2,0,2,35.0,0,0,5888,1815.0
0,0,2,48.0,0,0,5889,4450.0
0,1,2,27.0,0,1,5890,0.0
0,1,1,19.0,0,1,5891,0.0
0,1,1,18.0,0,1,5894,0.0
1,0,0,25.0,0,1,5897,0.0
0,1,0,41.0,0,1,5898,0.0
2,1,2,62.0,0,1,5900,0.0
2,1,2,30.0,0,1,5900,0.0
2,1,2,6.0,0,1,5900,0.0
0,0,0,15.0,0,0,5901,879.0
2,0,1,34.0,0,0,5902,880.0
0,0,2,34.0,0,0,5903,791.0
0,0,2,23.0,0,1,5905,705.0
0,0,2,51.0,0,0,5906,816.0
0,1,1,63.0,0,1,5907,0.0
0,0,2,42.0,0,1,5908,776.0
0,0,0,19.0,0,1,5909,716.0
0,1,2,5.0,0,1,5909,0.0
0,1,0,2.0,0,1,5909,0.0
0,1,2,15.0,0,1,5912,0.0
1,0,2,36.0,0,0,5913,1414.0
0,0,2,32.0,0,0,5915,788.0
0,0,2,19.0,0,1,5916,659.0
1,0,0,26.0,0,1,5919,2447.0
0,0,2,33.0,0,0,5920,1206.0
0,1,2,38.0,0,1,5921,0.0
0,0,2,22.0,0,0,5921,921.0
0,0,2,32.0,0,0,5922,0.0
2,1,0,30.0,0,1,5923,0.0
0,0,2,51.0,0,0,5924,595.0
1,0,2,29.0,0,0,5925,5424.0
1,0,2,16.0,0,1,5925,2167.0
1,0,2,32.0,0,0,5925,4998.0
1,0,0,24.0,0,0,5927,5446.0
1,0,2,23.0,0,0,5927,4944.0
1,1,0,46.0,0,1,5927,0.0
1,0,0,49.0,0,0,5927,6842.0
1,1,2,17.0,0,1,5927,0.0
1,0,0,35.0,0,0,5927,5459.0
1,0,0,43.0,0,0,5927,4036.0
0,0,2,20.0,0,1,5928,787.0
1,1,0,24.0,0,1,5930,0.0
1,0,2,28.0,0,0,5930,3994.0
1,1,0,19.0,0,1,5930,0.0
1,0,0,39.0,0,0,5931,2025.0
2,0,2,34.0,0,0,5933,2188.0
0,0,2,29.0,0,1,5934,1817.0
0,0,0,14.0,0,1,5938,52.0
0,1,2,24.0,0,1,5938,0.0
0,0,2,30.0,0,0,5939,1298.0
0,0,2,24.0,0,1,5941,993.0
0,1,1,32.0,0,1,5944,0.0
0,1,2,7.0,0,1,5945,0.0
0,1,0,34.0,0,1,5945,0.0
0,0,1,47.0,0,1,5945,769.0
2,0,2,19.0,0,0,5946,947.0
1,1,2,52.0,0,1,5947,0.0
2,0,2,19.0,0,0,5949,1183.0
2,1,2,18.0,0,1,5949,0.0
0,0,2,32.0,0,0,5950,69.0
0,0,0,21.0,0,0,5951,595.0
2,0,0,22.0,0,1,5952,0.0
2,0,2,13.0,0,0,5953,1370.0
2,0,2,25.0,0,0,5954,2099.0
2,0,2,33.0,0,0,5955,1022.0
2,0,2,27.0,0,0,5955,2598.0
0,0,2,21.0,0,0,5956,1670.0
1,1,0,17.0,0,1,5957,0.0
1,1,0,15.0,0,1,5957,0.0
1,0,0,58.0,1,0,5957,5419.0
1,0,2,29.0,0,0,5959,4195.0
1,1,2,34.0,0,1,5959,0.0
1,0,2,28.0,0,1,5960,6789.0
1,0,2,29.0,0,1,5960,4854.0
1,1,0,25.0,0,1,5960,0.0
2,0,0,23.0,0,0,5963,2026.0
0,0,2,22.0,0,1,5965,808.0
0,1,0,38.0,0,1,5967,0.0
0,0,2,38.0,0,1,5967,784.0
0,0,2,0.0,0,0,5967,0.0
0,0,2,24.0,0,0,5968,933.0
0,1,2,0.0,0,1,5969,0.0
0,0,0,37.0,0,0,5969,704.0
0,0,2,2.0,0,1,5969,0.0
1,1,0,40.0,0,1,5970,0.0
2,0,2,47.0,0,0,5971,1574.0
0,0,2,34.0,0,1,5972,1981.0
2,0,2,43.0,0,0,5973,1693.0
2,1,0,21.0,0,1,5974,0.0
1,1,0,43.0,0,1,5975,0.0
2,0,2,33.0,0,0,5976,3898.0
1,0,2,28.0,0,1,5977,0.0
1,0,0,57.0,0,0,5977,24342.0
1,0,2,24.0,0,1,5977,0.0
1,0,2,46.0,0,0,5977,8443.0
1,0,0,19.0,0,1,5980,11.0
2,0,2,27.0,0,0,5981,1309.0
0,0,2,2.0,0,1,5981,0.0
2,0,2,0.0,0,1,5981,0.0
2,0,2,25.0,1,0,5983,1455.0
2,1,2,47.0,0,1,5983,0.0
2,0,1,38.0,0,1,5984,1259.0
2,0,2,24.0,0,0,5984,1173.0
0,0,2,24.0,0,1,5985,765.0
1,0,2,25.0,0,1,5986,0.0
0,0,2,29.0,0,1,5987,11.0
2,0,0,44.0,0,0,5988,3670.0
0,0,2,20.0,0,0,5989,703.0
0,1,2,23.0,0,1,5990,0.0
1,0,0,26.0,0,1,5991,12344.0
0,1,1,20.0,0,1,5992,0.0
2,1,2,27.0,0,1,5993,0.0
0,0,0,23.0,0,0,5994,1198.0
0,1,1,33.0,0,1,5995,0.0
0,0,2,30.0,0,1,5998,808.0
0,0,2,32.0,0,1,5999,907.0
2,0,2,19.0,0,0,6000,1689.0
2,0,2,41.0,0,0,6000,809.0
0,1,2,50.0,0,0,6001,0.0
0,0,2,36.0,0,0,6003,754.0
2,1,2,21.0,0,1,6004,0.0
1,0,0,45.0,1,0,6006,9480.0
1,1,0,26.0,0,1,6006,0.0
0,1,2,44.0,0,1,6007,0.0
0,0,1,24.0,0,1,6008,690.0
0,1,0,15.0,0,1,6010,0.0
0,0,2,58.0,0,0,6011,2007.0
0,0,2,13.0,0,0,6014,791.0
1,1,2,19.0,0,1,6015,0.0
1,0,0,25.0,0,1,6015,6641.0
0,0,2,24.0,0,0,6016,1669.0
0,0,2,20.0,0,0,6016,809.0
2,1,2,34.0,0,1,6017,0.0
2,1,2,13.0,0,1,6017,0.0
0,0,2,24.0,0,1,6019,880.0
0,1,0,39.0,0,0,6020,0.0
0,1,2,0.0,0,0,6020,0.0
0,0,2,10.0,0,0,6020,0.0
0,1,2,9.0,0,0,6020,0.0
0,0,0,34.0,0,0,6020,1524.0
0,0,2,11.0,0,0,6020,0.0
0,1,2,0.0,0,0,6020,0.0
0,0,2,24.0,0,0,6022,645.0
0,1,1,16.0,0,1,6024,0.0
0,0,2,42.0,0,0,6025,596.0
2,0,2,41.0,0,1,6026,1426.0
1,0,2,36.0,0,1,6027,10889.0
1,0,0,27.0,0,0,6028,3498.0
1,0,2,32.0,1,0,6028,2128.0
1,0,0,11.0,0,1,6028,0.0
1,0,2,26.0,1,1,6028,4681.0
1,0,2,28.0,0,1,6028,6995.0
0,0,2,25.0,0,0,6029,991.0
0,0,2,5.0,0,1,6030,0.0
0,1,2,24.0,0,1,6030,0.0
0,0,2,13.0,0,1,6030,1007.0
0,0,2,30.0,0,1,6030,754.0
0,1,2,15.0,0,1,6030,0.0
0,1,2,0.0,0,1,6030,0.0
0,0,2,49.0,0,1,6030,0.0
0,0,2,52.0,0,1,6031,1040.0
0,1,2,15.0,0,1,6032,0.0
0,0,2,40.0,0,0,6032,789.0
0,1,0,0.0,0,1,6032,0.0
2,0,2,32.0,0,0,6033,1049.0
2,1,0,15.0,0,1,6033,0.0
2,0,1,26.0,0,1,6034,4439.0
2,1,1,31.0,0,0,6034,0.0
2,0,2,8.0,0,1,6034,0.0
0,0,2,18.0,0,1,6035,828.0
0,0,2,3.0,0,0,6035,0.0
1,0,2,44.0,0,1,6036,4701.0
0,0,2,15.0,0,1,6036,4042.0
1,0,2,27.0,0,1,6036,3222.0
2,0,2,22.0,0,0,6038,2467.0
0,0,2,2.0,0,1,6039,0.0
0,0,2,32.0,0,0,6039,760.0
0,0,2,16.0,0,1,6040,809.0
2,0,2,34.0,0,0,6041,434.0
2,0,2,32.0,0,0,6042,2599.0
0,0,2,28.0,0,0,6043,1821.0
1,0,2,27.0,0,0,6045,8151.0
0,0,1,35.0,0,1,6047,808.0
2,1,2,25.0,0,0,6048,0.0
0,0,2,24.0,0,1,6049,809.0
0,1,2,61.0,0,0,6052,0.0
2,1,2,28.0,0,1,6054,0.0
1,0,1,29.0,1,0,6055,6608.0
1,1,2,41.0,0,1,6055,0.0
1,0,2,20.0,0,0,6055,10693.0
2,0,0,18.0,0,0,6058,2968.0
0,0,2,28.0,0,1,6059,3966.0
0,0,2,18.0,0,1,6061,703.0
2,0,2,33.0,0,0,6062,1815.0
2,0,2,35.0,0,0,6062,0.0
1,0,0,68.0,0,0,6064,35987.0
0,0,2,19.0,0,1,6065,788.0
1,0,2,33.0,0,0,6066,6472.0
1,0,0,55.0,0,0,6066,9631.0
1,0,2,15.0,0,1,6066,0.0
0,0,2,23.0,0,0,6067,1765.0
0,0,2,23.0,0,1,6068,724.0
2,0,0,15.0,0,0,6069,4156.0
2,0,2,49.0,0,0,6070,2383.0
0,0,2,33.0,0,1,6071,808.0
2,1,0,26.0,0,1,6073,0.0
1,1,2,26.0,0,1,6075,0.0
0,0,2,18.0,0,1,6076,770.0
0,1,2,17.0,0,1,6077,0.0
0,0,2,39.0,0,1,6080,882.0
0,0,2,8.0,0,0,6082,0.0
0,0,2,46.0,0,1,6085,871.0
1,0,0,32.0,0,1,6086,4365.0
0,0,2,19.0,0,0,6087,716.0
2,1,2,36.0,0,1,6090,0.0
0,1,2,28.0,0,1,6091,0.0
0,0,2,39.0,0,0,6091,860.0
0,0,2,16.0,0,1,6092,703.0
0,1,1,7.0,0,1,6092,0.0
0,0,2,1.0,0,1,6092,0.0
1,1,0,30.0,0,1,6094,0.0
1,1,0,44.0,0,1,6094,0.0
1,1,0,28.0,0,1,6094,0.0
2,0,2,29.0,0,0,6095,4366.0
2,0,2,41.0,0,1,6096,1288.0
2,0,2,13.0,0,1,6096,2456.0
2,0,2,18.0,0,0,6096,6448.0
0,0,0,27.0,0,0,6098,2798.0
0,1,2,26.0,0,1,6099,0.0
0,0,0,24.0,0,0,6101,691.0
0,0,1,26.0,0,0,6102,600.0
0,1,1,27.0,0,1,6103,0.0
1,0,2,58.0,0,0,6105,2152.0
1,1,0,54.0,0,1,6106,0.0
0,0,0,18.0,0,1,6107,588.0
0,0,2,13.0,0,0,6108,864.0
1,0,2,13.0,0,0,6109,5657.0
1,1,2,28.0,0,1,6109,0.0
0,0,0,57.0,0,1,6110,642.0
1,1,2,32.0,0,1,6111,0.0
1,0,2,32.0,0,0,6111,4588.0
1,1,0,21.0,0,1,6111,0.0
1,1,0,34.0,0,1,6111,0.0
1,0,2,33.0,0,1,6111,2893.0
2,1,2,36.0,0,1,6112,0.0
2,0,2,50.0,0,0,6115,1298.0
2,0,2,28.0,0,0,6116,906.0
1,0,2,56.0,0,0,6117,5068.0
2,0,0,42.0,0,0,6118,1462.0
2,1,2,39.0,0,0,6118,0.0
0,0,1,13.0,0,1,6120,1180.0
1,0,2,28.0,0,1,6121,4622.0
1,0,2,55.0,0,0,6121,4242.0
0,0,0,36.0,0,1,6122,700.0
2,1,2,24.0,0,1,6123,0.0
0,0,1,37.0,0,1,6124,842.0
1,1,0,50.0,0,1,6126,0.0
1,0,2,27.0,0,0,6127,2758.0
0,1,2,23.0,0,0,6128,0.0
0,0,2,16.0,0,0,6128,1001.0
1,0,0,33.0,1,1,6130,3332.0
2,1,2,46.0,0,1,6132,0.0
0,1,1,26.0,0,1,6133,0.0
0,0,2,24.0,0,0,6135,804.0
0,0,2,26.0,0,0,6136,1291.0
0,0,2,2.0,0,1,6137,0.0
0,0,2,33.0,0,0,6137,902.0
0,1,2,32.0,0,1,6137,0.0
0,1,2,3.0,0,1,6137,0.0
0,1,2,2.0,0,1,6137,0.0
0,0,2,6.0,0,1,6137,0.0
2,0,2,24.0,0,1,6138,1298.0
1,0,2,0.0,0,1,6139,0.0
1,1,2,4.0,0,1,6139,0.0
1,0,2,58.0,0,1,6139,2864.0
1,1,2,22.0,0,1,6139,0.0
1,1,0,51.0,0,1,6139,0.0
1,1,0,37.0,0,1,6139,0.0
0,0,1,17.0,0,0,6141,918.0
0,0,2,21.0,0,0,6141,690.0
0,0,2,24.0,0,1,6143,1156.0
1,0,0,24.0,0,0,6145,5976.0
1,0,2,31.0,0,0,6146,0.0
2,1,2,43.0,0,1,6148,0.0
2,1,2,24.0,0,1,6148,0.0
0,0,2,15.0,0,1,6149,1788.0
0,0,2,18.0,0,1,6150,803.0
1,1,2,33.0,0,1,6152,0.0
1,0,2,31.0,0,0,6152,4033.0
1,1,0,41.0,0,1,6153,0.0
0,0,2,22.0,0,0,6155,636.0
0,0,2,40.0,0,0,6156,969.0
2,0,2,49.0,0,0,6157,1297.0
0,1,1,14.0,0,1,6158,0.0
0,0,0,22.0,0,0,6162,576.0
0,0,2,22.0,0,0,6163,1668.0
0,0,2,25.0,0,0,6166,983.0
0,1,1,42.0,0,1,6167,0.0
0,1,1,16.0,0,1,6168,0.0
0,0,0,12.0,0,1,6168,0.0
0,0,2,18.0,0,1,6169,782.0
0,0,2,33.0,0,0,6170,809.0
0,0,2,14.0,0,0,6171,790.0
0,1,2,36.0,0,1,6172,0.0
1,1,2,23.0,0,1,6173,0.0
0,0,0,24.0,0,0,6174,633.0
0,1,1,4.0,0,1,6174,0.0
0,1,2,24.0,0,0,6174,0.0
0,0,2,18.0,0,0,6175,809.0
0,1,2,21.0,0,1,6175,0.0
0,0,2,27.0,0,0,6175,885.0
2,1,2,34.0,0,1,6176,0.0
0,1,1,28.0,0,0,6178,0.0
1,1,2,35.0,0,1,6179,0.0
0,1,1,16.0,0,1,6180,0.0
1,0,2,36.0,0,0,6181,7081.0
0,1,2,30.0,0,0,6182,0.0
0,1,1,4.0,0,1,6184,0.0
2,0,2,19.0,1,1,6186,954.0
0,0,2,3.0,0,1,6189,0.0
1,1,2,51.0,0,1,6191,0.0
1,1,2,24.0,0,1,6191,0.0
1,1,2,45.0,0,1,6191,0.0
1,1,2,18.0,0,1,6191,0.0
0,0,1,23.0,0,1,6192,550.0
0,0,2,15.0,0,0,6194,1078.0
2,1,2,34.0,0,1,6199,0.0
2,0,2,47.0,0,1,6199,1056.0
1,0,2,27.0,0,1,6200,5528.0
1,0,2,26.0,0,0,6200,2059.0
1,0,0,25.0,0,0,6200,18404.0
1,0,0,34.0,1,0,6201,2445.0
2,0,2,27.0,1,0,6205,1955.0
0,0,2,39.0,0,0,6206,879.0
2,0,2,31.0,0,0,6207,2598.0
2,0,2,4.0,0,1,6207,0.0
2,0,2,19.0,0,0,6207,0.0
2,1,0,59.0,0,1,6208,0.0
2,0,2,19.0,0,1,6211,2006.0
0,0,0,25.0,0,1,6213,899.0
1,0,0,28.0,0,1,6215,2924.0
1,0,0,37.0,0,0,6215,3383.0
2,0,2,43.0,0,1,6216,1192.0
0,0,0,18.0,0,0,6218,1278.0
0,0,2,36.0,0,0,6218,1692.0
0,0,2,14.0,0,0,6219,71.0
0,0,1,42.0,0,0,6220,742.0
0,0,1,29.0,0,0,6222,684.0
2,0,2,23.0,0,0,6223,2076.0
0,0,2,16.0,0,0,6224,2023.0
0,0,0,8.0,0,1,6224,0.0
0,0,2,20.0,0,0,6225,908.0
0,0,1,50.0,0,0,6227,381.0
0,0,2,38.0,0,1,6228,810.0
2,1,2,39.0,0,1,6229,0.0
2,0,2,33.0,0,0,6230,1298.0
1,1,0,30.0,0,1,6232,0.0
2,0,1,40.0,1,1,6234,1615.0
0,0,2,22.0,0,0,6236,820.0
2,1,2,52.0,0,1,6237,0.0
2,1,2,26.0,0,1,6238,0.0
0,0,2,19.0,0,0,6239,2058.0
0,0,2,33.0,0,0,6241,956.0
0,1,1,33.0,0,1,6243,0.0
0,0,2,20.0,0,1,6245,846.0
2,0,2,28.0,0,0,6246,129.0
0,1,0,10.0,0,1,6248,0.0
0,0,2,23.0,0,1,6249,909.0
0,0,2,28.0,0,1,6250,887.0
0,0,2,23.0,0,1,6251,2189.0
2,0,2,54.0,0,0,6252,1658.0
2,0,2,57.0,0,0,6253,2598.0
2,0,0,24.0,0,0,6253,1331.0
1,1,2,37.0,0,1,6254,0.0
1,1,2,59.0,0,1,6254,0.0
0,1,2,53.0,0,1,6256,0.0
2,1,2,22.0,0,1,6262,0.0
0,0,2,18.0,0,0,6262,2578.0
1,1,0,17.0,0,1,6263,0.0
0,0,0,25.0,0,0,6263,5240.0
0,0,2,18.0,0,0,6264,801.0
0,0,2,20.0,0,0,6265,538.0
0,0,2,24.0,0,1,6266,2727.0
2,1,2,33.0,0,1,6268,0.0
0,0,2,34.0,0,0,6270,803.0
0,0,0,24.0,0,0,6270,744.0
1,0,2,37.0,0,1,6271,0.0
2,0,2,23.0,0,0,6273,2578.0
2,0,2,32.0,0,0,6273,2578.0
2,1,2,13.0,0,1,6274,0.0
0,1,0,23.0,0,1,6276,0.0
0,1,2,23.0,0,1,6277,0.0
1,0,2,27.0,0,0,6279,4300.0
0,1,2,47.0,0,1,6280,0.0
0,0,2,38.0,0,1,6281,773.0
2,0,2,28.0,0,0,6282,623.0
0,0,2,21.0,0,0,6283,1841.0
0,0,2,24.0,0,0,6283,644.0
1,0,0,64.0,0,1,6285,0.0
1,0,2,43.0,0,1,6285,5338.0
0,0,2,21.0,0,1,6289,808.0
0,0,2,36.0,0,1,6290,928.0
0,0,1,22.0,0,1,6292,701.0
0,0,2,24.0,0,0,6293,1050.0
1,1,2,21.0,0,1,6296,0.0
0,0,2,57.0,0,1,6297,1438.0
1,0,0,46.0,0,1,6299,9102.0
2,1,2,42.0,0,1,6300,0.0
0,0,2,16.0,0,0,6301,727.0
0,0,2,40.0,0,0,6302,723.0
0,0,2,3.0,0,0,6302,0.0
0,0,2,8.0,0,1,6302,0.0
0,1,1,3.0,0,1,6302,0.0
0,0,0,35.0,0,0,6302,1766.0
0,0,0,12.0,0,1,6302,0.0
0,1,2,24.0,0,1,6302,0.0
1,0,0,47.0,1,1,6304,4022.0
1,1,0,19.0,0,1,6305,0.0
1,0,2,46.0,0,0,6305,7498.0
0,0,2,28.0,0,0,6308,907.0
0,0,2,5.0,0,1,6309,0.0
0,0,2,7.0,0,1,6309,0.0
0,1,2,3.0,0,1,6309,0.0
0,0,2,1.0,0,1,6309,0.0
0,0,0,7.0,0,1,6309,0.0
1,0,2,60.0,0,0,6313,2187.0
0,0,2,34.0,0,0,6313,3097.0
1,0,2,28.0,0,0,6315,9843.0
0,0,0,64.0,0,0,6316,991.0
0,0,2,13.0,0,0,6317,922.0
0,1,2,15.0,0,1,6318,0.0
0,0,2,65.0,0,0,6319,1013.0
2,0,2,53.0,0,1,6320,1022.0
1,1,0,58.0,0,1,6321,0.0
1,0,2,19.0,0,0,6321,3190.0
1,1,0,24.0,0,1,6321,0.0
0,0,2,16.0,0,1,6322,1609.0
1,0,0,48.0,0,0,6323,8607.0
1,0,2,33.0,0,1,6323,4778.0
0,0,2,31.0,0,0,6324,705.0
0,0,0,44.0,0,1,6324,0.0
0,0,2,40.0,0,1,6324,906.0
0,1,2,34.0,0,1,6325,0.0
0,0,2,21.0,0,0,6325,684.0
0,0,2,20.0,0,0,6326,717.0
2,1,2,9.0,0,1,6327,0.0
0,1,2,33.0,0,0,6328,0.0
0,1,1,2.0,0,0,6328,0.0
0,0,2,53.0,0,0,6328,696.0
0,0,0,0.0,0,1,6328,0.0
0,1,1,38.0,0,1,6330,0.0
1,1,0,21.0,0,1,6331,0.0
0,1,2,31.0,0,1,6334,0.0
0,1,1,7.0,0,1,6334,0.0
0,0,0,12.0,0,1,6334,0.0
0,1,1,0.0,0,1,6334,0.0
0,0,2,17.0,0,1,6334,1609.0
0,0,2,55.0,0,0,6334,724.0
0,0,0,2.0,0,1,6334,0.0
0,0,2,32.0,0,0,6335,1400.0
0,0,0,16.0,0,0,6338,796.0
0,0,2,0.0,0,0,6339,0.0
1,0,2,29.0,0,1,6340,6720.0
1,0,0,25.0,0,0,6340,17406.0
2,0,0,39.0,0,0,6341,3793.0
2,1,2,42.0,0,1,6343,0.0
0,0,0,0.0,0,1,6344,0.0
0,1,2,14.0,0,1,6344,0.0
2,0,2,29.0,0,0,6346,2223.0
2,0,2,54.0,0,0,6346,1286.0
0,1,2,35.0,0,1,6347,0.0
1,0,0,24.0,0,0,6348,22261.0
2,0,2,18.0,0,1,6349,1113.0
0,0,0,14.0,0,1,6351,974.0
1,1,2,53.0,0,1,6353,0.0
0,0,2,48.0,0,1,6354,2518.0
0,0,0,21.0,0,1,6355,641.0
0,0,2,44.0,0,1,6356,1126.0
0,0,2,25.0,0,0,6357,1031.0
1,0,2,0.0,0,1,6360,0.0
1,1,2,27.0,0,1,6360,0.0
1,1,2,40.0,0,1,6360,0.0
0,0,2,44.0,0,1,6361,884.0
0,1,2,36.0,0,0,6363,0.0
0,1,0,3.0,0,1,6363,0.0
0,1,2,9.0,0,0,6363,0.0
0,1,2,1.0,0,0,6363,0.0
0,0,2,17.0,0,1,6363,982.0
0,1,2,47.0,0,0,6363,0.0
0,1,2,24.0,0,0,6363,0.0
1,0,0,33.0,0,0,6365,3206.0
0,0,1,16.0,0,1,6366,873.0
2,0,2,30.0,1,0,6367,2598.0
2,0,0,18.0,0,1,6367,1172.0
0,0,2,26.0,0,0,6368,883.0
0,0,1,19.0,0,1,6369,753.0
2,1,2,28.0,0,1,6370,0.0
0,0,2,35.0,0,0,6371,884.0
1,0,2,40.0,0,1,6372,4555.0
1,0,2,26.0,1,0,6372,2856.0
1,0,0,45.0,0,1,6372,3776.0
1,1,0,18.0,0,1,6372,0.0
0,0,0,54.0,0,1,6373,806.0
0,0,2,13.0,0,0,6374,1150.0
2,1,0,26.0,0,1,6376,0.0
0,1,1,16.0,0,1,6378,0.0
0,0,2,37.0,0,0,6380,1156.0
0,1,2,17.0,0,1,6380,0.0
0,0,0,16.0,0,0,6380,2091.0
0,0,2,18.0,0,0,6381,694.0
2,0,1,21.0,0,0,6385,873.0
0,0,2,24.0,0,1,6388,826.0
0,1,2,22.0,0,1,6390,0.0
0,1,2,41.0,0,1,6394,0.0
0,1,2,15.0,0,1,6394,0.0
0,1,2,36.0,0,1,6394,0.0
0,0,0,23.0,0,0,6394,5038.0
0,0,2,31.0,0,0,6396,243.0
0,0,2,19.0,0,0,6397,739.0
0,1,0,23.0,0,1,6398,0.0
0,0,2,47.0,0,0,6399,4221.0
1,0,0,40.0,0,1,6400,2106.0
1,0,0,34.0,1,0,6400,11506.0
0,0,2,2.0,0,0,6402,0.0
0,1,2,8.0,0,0,6402,0.0
0,1,2,0.0,0,1,6402,0.0
0,0,1,18.0,0,1,6402,1721.0
0,0,2,11.0,0,0,6402,0.0
0,0,2,18.0,0,1,6404,810.0
0,0,1,19.0,0,0,6405,1082.0
0,0,2,2.0,0,1,6405,0.0
0,1,2,25.0,0,1,6405,0.0
0,0,0,0.0,0,1,6405,0.0
1,1,0,27.0,0,1,6406,0.0
1,1,0,34.0,0,1,6406,0.0
0,1,2,19.0,0,1,6407,0.0
0,0,1,22.0,0,0,6408,481.0
0,0,2,22.0,0,0,6409,808.0
0,0,1,52.0,0,0,6411,661.0
0,0,2,30.0,0,0,6412,1670.0
1,0,2,65.0,0,0,6413,2332.0
0,0,2,31.0,0,1,6414,808.0
2,1,2,51.0,0,1,6415,0.0
0,0,2,21.0,0,1,6416,705.0
0,0,2,27.0,0,0,6418,865.0
0,0,2,31.0,0,1,6419,873.0
1,1,0,28.0,0,1,6421,0.0
1,0,2,29.0,0,0,6421,6577.0
2,0,2,23.0,0,0,6422,2688.0
2,1,2,11.0,0,1,6422,0.0
2,0,2,23.0,0,0,6422,1760.0
2,0,2,34.0,0,0,6422,1048.0
0,0,2,20.0,0,0,6424,659.0
1,1,0,20.0,0,1,6428,0.0
1,1,2,16.0,0,1,6428,0.0
0,1,2,18.0,0,0,6430,0.0
0,0,0,20.0,0,0,6431,549.0
0,1,1,20.0,0,1,6431,0.0
0,0,0,27.0,0,0,6431,850.0
1,0,0,55.0,0,0,6432,5830.0
2,0,0,53.0,0,1,6433,1733.0
2,1,2,37.0,0,1,6433,0.0
0,1,1,55.0,0,1,6434,0.0
0,0,2,24.0,0,1,6436,784.0
0,0,0,24.0,0,1,6437,652.0
0,1,1,49.0,0,1,6439,0.0
0,0,2,17.0,0,0,6442,1806.0
0,0,2,39.0,0,1,6443,767.0
0,1,0,5.0,0,1,6443,0.0
0,0,2,10.0,0,1,6443,0.0
0,1,2,1.0,0,1,6443,0.0
0,0,2,16.0,0,0,6443,1231.0
0,0,2,51.0,0,0,6443,1778.0
0,1,2,5.0,0,1,6443,0.0
0,0,2,19.0,0,0,6444,0.0
0,1,2,0.0,0,1,6444,0.0
0,0,2,20.0,0,0,6446,810.0
0,1,2,0.0,0,1,6446,0.0
0,1,2,1.0,0,1,6446,0.0
0,1,1,38.0,0,1,6447,0.0
0,0,2,40.0,0,0,6448,776.0
2,0,2,18.0,0,0,6449,0.0
2,0,2,36.0,0,0,6449,2599.0
1,0,2,23.0,0,0,6450,5578.0
1,1,0,42.0,0,1,6450,0.0
2,0,2,37.0,0,0,6451,1182.0
0,0,2,24.0,0,1,6452,865.0
0,0,2,12.0,0,1,6452,0.0
0,1,2,2.0,0,1,6452,0.0
0,0,1,28.0,0,0,6453,1748.0
0,1,2,44.0,0,1,6454,0.0
1,0,2,26.0,0,0,6455,5831.0
0,0,2,36.0,0,0,6456,791.0
0,0,0,28.0,0,1,6457,810.0
2,0,2,14.0,0,0,6458,0.0
0,1,2,14.0,0,0,6459,0.0
0,0,2,28.0,0,1,6461,717.0
2,1,2,27.0,0,1,6462,0.0
2,0,2,21.0,0,1,6462,2599.0
0,0,2,24.0,0,0,6463,2796.0
0,0,1,18.0,0,0,6464,643.0
2,1,2,24.0,0,1,6468,0.0
2,1,2,8.0,0,1,6468,0.0
2,1,2,36.0,0,0,6468,0.0
2,0,2,32.0,1,0,6468,1183.0
0,0,2,19.0,0,0,6470,788.0
0,0,2,12.0,0,1,6471,0.0
1,1,2,21.0,0,1,6472,0.0
1,1,0,13.0,0,1,6472,0.0
2,1,2,20.0,0,1,6473,0.0
2,1,2,35.0,0,1,6475,0.0
1,0,0,23.0,0,0,6477,3579.0
1,0,0,17.0,0,0,6477,5110.0
2,0,2,29.0,0,0,6478,1297.0
0,0,2,27.0,0,0,6480,789.0
0,0,2,22.0,0,1,6481,887.0
2,0,0,26.0,0,0,6482,1686.0
2,1,2,1.0,0,1,6482,0.0
2,1,2,7.0,0,1,6482,0.0
0,0,0,78.0,0,1,6485,703.0
0,0,2,24.0,0,1,6485,705.0
0,0,2,26.0,0,0,6487,1052.0
1,0,2,50.0,0,0,6488,3858.0
0,1,2,16.0,0,0,6489,0.0
1,1,0,57.0,0,1,6490,0.0
1,0,0,29.0,0,0,6490,6100.0
1,0,0,27.0,0,1,6490,9088.0
0,0,2,42.0,0,1,6490,2085.0
0,1,1,28.0,0,1,6492,0.0
0,1,1,18.0,0,1,6493,0.0
2,0,2,38.0,0,0,6494,7348.0
0,0,2,32.0,0,0,6500,787.0
0,0,2,21.0,0,1,6501,2184.0
0,0,2,6.0,0,1,6502,0.0
0,0,2,27.0,0,0,6503,1384.0
0,0,1,32.0,0,0,6508,591.0
0,0,1,23.0,0,1,6509,753.0
1,0,2,29.0,0,0,6510,5537.0
0,0,2,22.0,0,0,6511,716.0
0,1,2,31.0,0,0,6511,0.0
0,1,0,0.0,0,1,6511,0.0
1,0,2,2.0,0,1,6512,0.0
0,1,2,24.0,0,1,6512,0.0
1,0,2,28.0,0,0,6512,8693.0
2,0,2,20.0,0,0,6513,1242.0
1,0,0,28.0,1,0,6514,6776.0
1,0,2,42.0,0,0,6514,17160.0
0,0,1,32.0,0,0,6517,827.0
0,0,2,19.0,0,0,6520,1792.0
0,0,0,20.0,0,1,6522,717.0
0,1,1,20.0,0,1,6523,0.0
0,0,2,21.0,0,0,6525,2152.0
0,1,1,32.0,0,1,6525,0.0
0,1,2,16.0,0,1,6525,0.0
0,1,2,21.0,0,1,6526,0.0
0,0,0,12.0,0,0,6526,0.0
0,1,1,21.0,0,1,6529,0.0
2,0,2,31.0,0,0,6530,1297.0
0,1,0,18.0,0,1,6531,0.0
2,0,2,35.0,0,0,6535,954.0
1,0,2,44.0,0,0,6539,5976.0
0,0,2,13.0,0,1,6540,679.0
0,0,2,21.0,0,0,6541,717.0
1,0,2,37.0,0,1,6544,7138.0
0,0,2,24.0,0,1,6545,2629.0
0,0,2,34.0,0,0,6546,394.0
2,0,0,21.0,0,0,6547,1171.0
0,0,2,38.0,0,1,6548,1434.0
2,0,2,31.0,0,0,6549,2093.0
2,0,2,61.0,0,0,6549,1723.0
0,0,2,20.0,0,0,6552,809.0
0,0,1,39.0,0,0,6553,744.0
2,1,2,29.0,0,1,6556,0.0
2,1,0,68.0,0,1,6556,0.0
1,0,0,38.0,0,0,6557,5594.0
0,0,2,31.0,0,1,6558,793.0
0,0,2,41.0,0,1,6560,732.0
1,0,2,29.0,0,0,6561,13305.0
0,0,2,25.0,0,1,6561,0.0
0,0,2,27.0,0,0,6562,868.0
0,0,2,21.0,0,1,6563,1319.0
0,0,2,30.0,0,0,6563,908.0
2,0,2,40.0,0,0,6565,2107.0
2,0,2,59.0,0,0,6565,1657.0
0,1,2,35.0,0,0,6567,0.0
0,0,2,41.0,0,0,6567,898.0
0,0,0,36.0,0,0,6568,695.0
0,1,0,58.0,0,1,6569,0.0
0,0,2,27.0,0,0,6570,908.0
0,0,2,24.0,0,0,6572,644.0
0,0,2,50.0,0,1,6573,902.0
1,0,2,22.0,0,0,6574,4167.0
2,1,2,26.0,0,0,6578,0.0
2,1,2,16.0,0,1,6578,0.0
0,0,2,56.0,0,0,6580,784.0
1,0,0,25.0,0,0,6582,2200.0
1,0,2,13.0,0,1,6583,12439.0
1,0,0,53.0,0,1,6583,3776.0
0,1,2,21.0,0,1,6585,0.0
0,0,2,18.0,0,1,6585,2105.0
0,0,2,38.0,0,1,6588,442.0
0,1,2,20.0,0,1,6588,0.0
1,1,2,24.0,0,0,6590,0.0
1,0,2,56.0,0,1,6590,17651.0
0,0,2,47.0,0,0,6591,1528.0
2,1,2,21.0,0,1,6592,0.0
0,0,1,24.0,0,1,6593,728.0
0,0,2,26.0,0,0,6593,724.0
0,1,0,34.0,0,1,6594,0.0
0,0,2,35.0,0,1,6595,888.0
2,1,2,35.0,0,1,6598,0.0
1,1,2,49.0,0,1,6599,0.0
0,0,2,24.0,0,0,6601,692.0
0,0,2,62.0,0,1,6602,2796.0
2,0,2,25.0,0,1,6603,3768.0
1,1,0,42.0,0,1,6604,0.0
0,0,1,25.0,0,0,6606,686.0
0,0,2,21.0,0,0,6608,2153.0
2,1,2,17.0,0,0,6609,0.0
0,0,0,41.0,0,1,6611,642.0
0,1,2,50.0,0,0,6611,0.0
0,0,1,20.0,0,1,6611,653.0
0,1,2,15.0,0,1,6613,0.0
2,1,2,29.0,0,1,6614,0.0
0,0,2,20.0,0,1,6616,2602.0
1,0,2,35.0,0,1,6618,5280.0
0,0,1,22.0,0,1,6620,606.0
0,0,0,43.0,0,1,6621,650.0
0,0,0,54.0,0,0,6622,810.0
0,1,2,15.0,0,1,6622,0.0
0,1,0,38.0,0,1,6623,0.0
0,0,2,44.0,0,0,6624,2328.0
0,1,1,34.0,0,1,6625,0.0
0,0,0,15.0,0,0,6625,880.0
0,1,2,24.0,0,0,6626,0.0
0,0,2,29.0,0,0,6628,716.0
0,0,2,19.0,0,1,6630,1050.0
1,0,2,27.0,0,0,6631,4058.0
1,0,2,26.0,0,1,6633,0.0
1,1,0,46.0,0,1,6634,0.0
0,1,2,64.0,0,1,6634,0.0
1,0,2,17.0,0,0,6635,1624.0
1,0,0,45.0,0,0,6635,4193.0
2,0,2,27.0,0,0,6637,1228.0
0,1,2,29.0,0,0,6638,0.0
0,1,1,18.0,0,1,6639,0.0
1,1,2,26.0,0,1,6641,0.0
1,1,0,39.0,0,1,6641,0.0
0,1,2,59.0,0,1,6642,0.0
0,0,2,20.0,0,0,6643,702.0
0,1,0,17.0,0,1,6645,0.0
0,1,2,47.0,0,1,6646,0.0
0,0,1,29.0,0,1,6647,1532.0
0,0,2,16.0,0,0,6649,265.0
0,0,2,48.0,0,0,6650,808.0
0,0,1,39.0,0,0,6652,540.0
0,1,0,28.0,0,1,6654,0.0
0,1,0,12.0,0,1,6654,0.0
0,1,2,24.0,0,1,6654,0.0
2,1,2,30.0,0,1,6655,0.0
1,1,2,34.0,0,1,6656,0.0
2,0,2,37.0,0,1,6659,0.0
0,0,2,47.0,0,0,6660,693.0
0,0,2,0.0,0,0,6662,0.0
0,0,2,23.0,0,1,6662,0.0
0,1,0,0.0,0,1,6662,0.0
0,0,2,20.0,0,0,6663,809.0
0,0,2,35.0,0,0,6663,804.0
0,0,2,18.0,0,1,6664,827.0
1,1,0,17.0,0,1,6665,0.0
1,0,2,18.0,0,0,6665,1523.0
1,0,2,53.0,0,1,6665,0.0
1,0,0,35.0,0,0,6665,8000.0
1,1,2,48.0,0,1,6667,0.0
0,0,2,68.0,0,1,6668,888.0
0,0,2,27.0,0,0,6668,1722.0
0,0,0,28.0,0,1,6669,629.0
0,0,2,37.0,0,0,6670,899.0
2,1,2,35.0,0,1,6671,0.0
2,0,2,31.0,0,1,6671,1002.0
2,0,0,14.0,0,0,6671,1895.0
2,0,2,1.0,0,1,6672,0.0
2,0,0,4.0,0,1,6672,0.0
2,0,1,30.0,0,0,6672,1295.0
2,1,2,11.0,0,1,6672,0.0
0,0,2,45.0,0,0,6673,1608.0
1,0,2,29.0,0,0,6674,2585.0
1,1,2,32.0,0,1,6674,0.0
1,0,0,15.0,0,1,6674,0.0
1,1,2,25.0,0,1,6674,0.0
1,0,2,25.0,0,0,6674,2004.0
0,0,2,60.0,0,0,6675,901.0
0,0,1,24.0,0,0,6675,1556.0
1,1,2,35.0,0,1,6676,0.0
0,0,2,36.0,0,1,6680,907.0
0,0,0,22.0,0,1,6681,1226.0
0,1,1,32.0,0,1,6683,0.0
1,0,2,57.0,0,0,6684,8740.0
1,0,2,30.0,0,1,6684,1242.0
1,0,2,46.0,0,0,6684,4403.0
0,0,2,28.0,0,1,6691,806.0
1,1,0,26.0,0,1,6692,0.0
0,0,2,55.0,0,0,6693,993.0
0,1,2,66.0,0,1,6694,0.0
0,0,2,20.0,0,0,6697,809.0
0,0,1,31.0,0,0,6698,684.0
2,0,2,13.0,0,0,6699,0.0
0,1,2,50.0,0,1,6702,0.0
1,1,2,21.0,0,1,6706,0.0
1,1,2,25.0,0,1,6706,0.0
0,1,2,46.0,0,1,6707,0.0
1,0,2,0.0,0,1,6708,0.0
1,0,2,2.0,0,1,6708,0.0
1,0,2,36.0,0,0,6708,2806.0
1,1,0,19.0,0,1,6708,0.0
1,1,0,35.0,0,1,6708,0.0
1,1,0,41.0,1,1,6708,0.0
0,1,2,22.0,0,1,6709,0.0
2,0,2,25.0,1,0,6711,994.0
0,0,0,24.0,0,0,6713,700.0
0,0,2,37.0,0,0,6718,784.0
0,1,2,5.0,0,0,6718,0.0
0,1,2,24.0,0,1,6718,0.0
2,1,2,41.0,0,1,6719,0.0
1,0,2,44.0,0,1,6720,0.0
0,0,2,23.0,0,1,6721,0.0
1,1,0,28.0,0,1,6722,0.0
1,0,0,27.0,0,0,6722,3924.0
1,1,0,40.0,0,1,6722,0.0
1,1,0,27.0,0,1,6724,0.0
1,1,0,17.0,0,1,6724,0.0
1,0,2,32.0,0,0,6725,5676.0
0,0,2,29.0,0,1,6726,907.0
0,0,2,29.0,0,1,6727,654.0
1,0,2,41.0,0,0,6729,2093.0
1,1,0,48.0,0,1,6729,0.0
1,0,2,27.0,0,0,6729,2790.0
0,0,2,14.0,0,1,6730,846.0
0,0,2,32.0,0,0,6731,3137.0
1,0,0,47.0,0,1,6734,3378.0
1,1,0,14.0,0,1,6734,0.0
1,1,0,37.0,1,1,6734,0.0
1,1,0,33.0,0,1,6734,0.0
2,0,2,33.0,0,1,6736,2322.0
0,0,2,44.0,0,1,6739,888.0
0,0,2,37.0,0,1,6741,1720.0
0,0,1,18.0,0,0,6741,1917.0
0,0,2,33.0,0,1,6742,1291.0
2,0,2,21.0,0,0,6744,2366.0
2,0,2,38.0,0,0,6744,1820.0
2,0,0,16.0,0,0,6744,3951.0
2,1,2,58.0,0,0,6744,0.0
2,0,2,41.0,0,0,6744,2099.0
0,0,1,28.0,0,0,6745,1046.0
0,1,2,28.0,0,1,6746,0.0
1,1,2,31.0,0,1,6747,0.0
2,1,2,27.0,0,1,6748,0.0
2,0,2,7.0,0,1,6748,0.0
2,0,2,25.0,0,0,6748,1645.0
2,0,2,34.0,0,0,6748,1054.0
0,0,2,21.0,0,1,6749,826.0
0,0,2,29.0,0,0,6750,884.0
2,1,2,23.0,0,1,6751,0.0
2,1,2,31.0,0,0,6751,0.0
1,1,2,50.0,0,1,6753,0.0
1,0,2,25.0,0,0,6753,0.0
1,0,2,25.0,1,1,6754,5107.0
0,0,2,23.0,0,0,6756,757.0
0,0,1,46.0,0,1,6756,753.0
0,0,2,0.0,0,1,6756,0.0
2,0,2,53.0,0,0,6757,2599.0
0,0,0,25.0,0,0,6758,701.0
2,0,1,30.0,0,1,6760,1429.0
2,1,2,18.0,0,1,6761,0.0
2,0,2,20.0,0,0,6761,0.0
0,0,0,54.0,0,0,6762,704.0
0,0,2,20.0,0,1,6763,952.0
2,0,2,32.0,0,0,6764,3693.0
2,0,2,31.0,0,1,6764,2599.0
2,1,2,55.0,0,1,6765,0.0
0,0,1,16.0,0,0,6766,539.0
0,1,2,0.0,0,1,6766,0.0
0,1,2,3.0,0,1,6766,0.0
0,0,2,33.0,0,0,6773,3094.0
0,1,2,45.0,0,1,6774,0.0
0,1,2,6.0,0,0,6774,0.0
0,0,2,33.0,0,0,6774,704.0
0,1,0,14.0,0,1,6775,0.0
0,0,0,24.0,0,0,6776,692.0
0,0,2,47.0,0,0,6778,2175.0
1,0,2,37.0,0,1,6779,8513.0
1,1,0,14.0,0,1,6779,0.0
1,1,2,44.0,0,1,6779,0.0
1,0,2,11.0,0,1,6779,0.0
1,1,0,15.0,0,1,6780,0.0
1,0,2,39.0,0,1,6780,3669.0
0,0,1,15.0,0,0,6782,605.0
0,0,0,60.0,0,0,6784,706.0
0,0,2,49.0,0,1,6784,767.0
0,0,1,23.0,0,0,6786,1233.0
0,0,2,9.0,0,1,6787,0.0
0,0,2,0.0,0,0,6787,0.0
0,0,2,17.0,0,0,6787,2023.0
0,1,1,42.0,0,1,6787,0.0
0,1,2,16.0,0,1,6787,0.0
0,0,0,0.0,0,1,6787,0.0
0,0,2,26.0,0,0,6787,781.0
0,0,2,56.0,0,0,6788,809.0
2,0,0,26.0,0,1,6789,866.0
2,0,2,41.0,0,1,6792,2598.0
2,0,2,27.0,0,1,6794,1056.0
0,0,2,31.0,0,0,6796,704.0
0,0,2,40.0,0,1,6798,806.0
1,1,0,40.0,0,1,6799,0.0
0,1,2,15.0,0,1,6800,0.0
1,0,2,50.0,1,1,6801,7966.0
1,0,0,42.0,0,0,6802,2951.0
1,0,2,50.0,0,0,6805,1749.0
0,0,2,39.0,0,1,6806,907.0
0,0,2,27.0,0,0,6808,829.0
2,1,2,20.0,0,1,6810,0.0
2,0,2,30.0,0,1,6810,2789.0
2,1,2,16.0,0,1,6810,0.0
0,1,2,36.0,0,1,6810,0.0
2,1,0,68.0,0,1,6810,0.0
0,0,0,22.0,0,0,6813,737.0
2,0,0,36.0,0,1,6814,9155.0
0,1,0,3.0,0,0,6816,0.0
0,0,2,28.0,0,0,6816,1019.0
0,1,1,32.0,0,1,6816,0.0
0,0,2,10.0,0,1,6816,0.0
0,1,0,0.0,0,0,6816,0.0
0,1,2,9.0,0,1,6816,0.0
0,0,2,37.0,0,0,6817,689.0
0,0,2,31.0,0,1,6818,2708.0
0,0,2,31.0,0,0,6820,1490.0
0,0,2,43.0,0,0,6821,1554.0
0,0,2,15.0,0,0,6822,724.0
0,0,2,58.0,0,1,6824,444.0
2,1,2,30.0,0,1,6825,0.0
2,0,2,24.0,0,0,6825,4975.0
0,0,2,49.0,0,0,6826,1776.0
1,0,0,73.0,0,0,6827,5589.0
1,1,2,14.0,0,1,6827,0.0
1,1,2,50.0,0,1,6827,0.0
1,0,2,12.0,0,1,6827,0.0
0,1,2,2.0,0,1,6829,0.0
0,0,2,49.0,0,0,6829,812.0
0,1,2,32.0,0,0,6829,0.0
0,1,2,24.0,0,0,6831,0.0
2,1,2,33.0,0,1,6832,0.0
0,0,2,23.0,0,1,6833,1523.0
0,1,2,23.0,0,1,6834,0.0
2,1,2,43.0,0,1,6837,0.0
0,0,2,36.0,0,0,6839,1914.0
2,1,2,26.0,0,1,6840,0.0
2,1,0,29.0,0,1,6841,0.0
1,1,2,21.0,0,1,6843,0.0
1,1,0,30.0,0,1,6843,0.0
2,0,0,23.0,0,0,6844,2337.0
1,1,2,13.0,0,1,6848,0.0
0,0,2,22.0,0,0,6850,873.0
0,1,1,25.0,0,0,6850,0.0
0,0,2,52.0,0,0,6850,1621.0
0,0,2,22.0,0,1,6851,788.0
1,0,0,31.0,0,0,6853,9880.0
2,0,2,23.0,0,0,6854,3458.0
0,0,1,35.0,0,0,6857,1234.0
1,1,2,26.0,0,1,6858,0.0
1,1,2,14.0,0,1,6858,0.0
1,0,0,39.0,0,0,6858,5044.0
1,0,2,8.0,0,1,6858,0.0
0,1,1,29.0,0,1,6859,0.0
0,1,1,15.0,0,1,6861,0.0
0,1,2,48.0,0,1,6862,0.0
0,0,2,9.0,0,0,6862,0.0
0,0,2,25.0,0,0,6863,936.0
1,1,2,13.0,0,1,6864,0.0
1,1,0,25.0,0,1,6864,0.0
1,0,2,27.0,0,0,6865,10977.0
1,1,2,32.0,0,1,6865,0.0
1,0,0,20.0,0,1,6866,18128.0
1,0,0,40.0,0,0,6866,27842.0
0,0,2,18.0,0,0,6868,2250.0
0,0,2,21.0,0,0,6869,904.0
0,0,2,38.0,0,1,6871,807.0
1,0,0,62.0,0,1,6873,2390.0
0,1,2,23.0,0,1,6879,0.0
2,0,2,48.0,1,0,6880,2364.0
2,1,2,27.0,0,0,6880,0.0
2,1,0,32.0,0,1,6882,0.0
2,0,2,53.0,0,0,6882,0.0
0,0,2,26.0,0,1,6883,399.0
2,1,2,46.0,0,1,6885,0.0
0,0,2,32.0,0,0,6887,907.0
0,0,2,40.0,0,0,6889,921.0
2,0,2,27.0,0,1,6891,2385.0
0,0,2,28.0,0,1,6892,672.0
1,1,2,29.0,0,1,6893,0.0
2,1,2,37.0,0,1,6894,0.0
2,0,2,0.0,0,1,6894,0.0
2,0,2,12.0,0,1,6894,0.0
1,0,2,25.0,0,0,6895,9116.0
2,0,2,24.0,0,0,6896,1048.0
2,0,2,3.0,0,1,6896,0.0
2,0,2,9.0,0,1,6896,0.0
1,0,0,27.0,0,1,6898,4440.0
1,0,2,59.0,0,1,6899,0.0
1,0,2,24.0,0,0,6899,0.0
0,1,2,16.0,0,1,6900,0.0
2,0,2,16.0,0,0,6901,2639.0
1,1,2,46.0,0,1,6902,0.0
0,0,1,25.0,0,0,6903,2911.0
0,0,2,39.0,0,0,6905,871.0
0,0,2,15.0,0,0,6905,982.0
0,0,0,16.0,0,1,6905,796.0
2,0,2,35.0,0,1,6906,7137.0
2,0,0,43.0,0,0,6906,2135.0
2,1,2,7.0,0,1,6906,0.0
0,1,2,29.0,0,1,6907,0.0
1,0,2,60.0,0,0,6908,18934.0
0,0,2,49.0,0,0,6910,772.0
2,0,2,50.0,0,1,6911,1159.0
1,0,2,40.0,0,0,6912,3252.0
2,1,2,49.0,0,1,6913,0.0
2,0,2,18.0,0,0,6913,2083.0
2,1,2,29.0,0,1,6915,0.0
2,0,2,56.0,1,0,6917,1911.0
0,1,1,29.0,0,1,6918,0.0
0,0,2,29.0,0,0,6920,990.0
1,0,2,22.0,0,1,6921,4104.0
1,1,0,24.0,0,1,6921,0.0
1,0,2,23.0,0,1,6921,6384.0
1,0,2,28.0,1,1,6921,15376.0
1,1,0,19.0,0,1,6921,0.0
1,0,2,32.0,0,0,6921,8420.0
0,0,2,37.0,0,1,6924,0.0
0,0,2,26.0,0,0,6925,786.0
0,0,2,43.0,0,1,6926,2618.0
0,0,2,25.0,0,0,6928,996.0
0,0,2,11.0,0,0,6928,0.0
0,0,2,4.0,0,1,6929,0.0
0,1,2,32.0,0,1,6929,0.0
0,0,2,15.0,0,1,6929,791.0
0,1,2,17.0,0,1,6930,0.0
1,1,0,37.0,0,1,6931,0.0
0,0,2,20.0,0,1,6932,754.0
2,0,2,47.0,0,1,6934,1428.0
2,0,0,16.0,0,0,6934,2124.0
0,1,2,8.0,0,1,6937,0.0
0,0,2,22.0,0,0,6939,907.0
2,0,2,39.0,0,1,6940,696.0
1,1,0,57.0,0,1,6943,0.0
1,1,2,29.0,0,1,6944,0.0
1,1,0,24.0,0,1,6945,0.0
0,0,2,70.0,0,0,6946,804.0
1,1,2,13.0,0,1,6947,0.0
1,0,2,49.0,0,1,6947,3121.0
0,0,0,25.0,0,0,6949,985.0
1,1,0,19.0,0,1,6950,0.0
1,1,0,15.0,0,1,6950,0.0
1,0,2,37.0,0,1,6951,2973.0
1,1,2,24.0,0,1,6951,0.0
2,0,2,28.0,0,0,6954,2098.0
0,0,2,22.0,0,0,6954,1173.0
1,0,2,26.0,0,1,6957,2340.0
0,0,1,25.0,0,0,6960,837.0
0,0,2,19.0,0,0,6962,809.0
2,0,2,20.0,0,0,6963,5869.0
0,0,0,35.0,0,0,6964,702.0
0,0,2,37.0,0,0,6966,1031.0
1,0,0,37.0,0,0,6967,16338.0
0,0,2,13.0,0,0,6968,803.0
0,0,1,20.0,0,0,6968,1318.0
2,0,2,65.0,0,0,6970,3371.0
2,0,2,29.0,0,0,6970,1049.0
1,0,2,0.0,0,1,6971,0.0
1,0,2,4.0,0,1,6971,0.0
1,1,2,19.0,0,1,6971,0.0
1,1,0,17.0,0,1,6971,0.0
1,0,0,28.0,0,1,6971,4626.0
1,0,0,28.0,0,0,6971,3124.0
0,0,2,21.0,0,0,6972,710.0
0,0,1,45.0,0,0,6973,1601.0
0,0,2,21.0,0,1,6976,809.0
0,1,1,20.0,0,1,6977,0.0
0,0,2,38.0,0,1,6977,809.0
0,0,0,24.0,0,1,6978,905.0
0,0,2,22.0,0,0,6979,788.0
0,0,2,44.0,0,1,6980,805.0
0,0,1,41.0,0,0,6981,628.0
0,1,2,21.0,0,1,6982,0.0
2,0,2,26.0,0,0,6984,2083.0
2,1,2,54.0,0,1,6984,0.0
2,0,2,19.0,0,0,6984,2604.0
0,0,2,32.0,0,0,6985,1019.0
0,1,2,24.0,0,1,6987,0.0
1,0,2,26.0,0,0,6988,3539.0
1,0,2,28.0,0,1,6988,4526.0
0,0,1,21.0,0,0,6990,674.0
1,0,0,38.0,0,0,6991,4279.0
1,1,2,43.0,0,1,6991,0.0
0,0,2,12.0,0,0,6992,0.0
0,1,2,25.0,0,0,6992,0.0
0,1,2,27.0,0,1,6992,0.0
1,1,2,22.0,0,1,6994,0.0
1,0,2,20.0,0,0,6994,8044.0
0,0,0,24.0,0,0,6995,717.0
0,0,0,34.0,0,0,6996,699.0
2,0,2,42.0,0,0,6997,1058.0
2,0,2,24.0,0,0,6997,2366.0
0,0,2,28.0,0,0,6998,758.0
2,0,2,29.0,0,0,6999,1049.0
1,1,2,31.0,0,1,7001,0.0
0,0,2,29.0,0,0,7002,889.0
0,0,0,14.0,0,0,7004,698.0
0,0,0,16.0,0,1,7005,1253.0
0,1,1,16.0,0,1,7006,0.0
1,0,2,27.0,0,1,7007,4052.0
1,0,2,24.0,0,0,7007,2535.0
0,0,2,23.0,0,0,7008,804.0
0,0,2,16.0,0,0,7010,891.0
0,0,2,30.0,0,1,7010,1441.0
0,0,2,24.0,0,0,7011,631.0
0,1,2,36.0,0,1,7013,0.0
1,0,0,25.0,0,1,7014,5015.0
1,1,2,29.0,0,1,7015,0.0
0,1,1,21.0,0,0,7016,0.0
0,1,2,26.0,0,1,7017,0.0
2,0,2,30.0,0,0,7018,0.0
0,0,2,31.0,0,0,7019,717.0
0,0,2,20.0,0,0,7019,2429.0
0,1,2,24.0,0,1,7020,0.0
0,1,0,33.0,0,1,7021,0.0
1,0,2,35.0,0,1,7022,5792.0
1,0,2,46.0,0,0,7022,2843.0
0,1,2,63.0,0,1,7025,0.0
1,0,0,37.0,0,0,7026,4842.0
0,0,2,23.0,0,1,7027,696.0
0,0,0,5.0,0,1,7028,0.0
0,1,2,16.0,0,1,7028,0.0
0,0,2,20.0,0,1,7029,2450.0
0,1,1,49.0,0,0,7029,0.0
0,0,2,3.0,0,1,7031,0.0
0,0,2,41.0,0,0,7032,723.0
2,0,2,24.0,0,0,7034,1289.0
0,1,2,14.0,0,1,7036,0.0
2,0,2,26.0,0,0,7037,3286.0
0,1,2,51.0,0,0,7038,0.0
0,0,1,36.0,0,0,7039,605.0
0,1,2,16.0,0,1,7040,0.0
2,1,2,18.0,0,1,7041,0.0
0,1,1,48.0,0,0,7042,0.0
2,0,2,24.0,0,0,7044,3148.0
2,0,0,19.0,0,0,7045,1181.0
0,1,0,21.0,0,1,7047,0.0
0,0,2,24.0,0,0,7048,697.0
0,1,2,21.0,0,1,7049,0.0
0,0,2,13.0,0,1,7050,1003.0
2,0,2,39.0,0,0,7051,764.0
1,0,0,27.0,0,1,7052,0.0
0,0,1,23.0,0,0,7053,1193.0
1,0,0,43.0,0,0,7056,5532.0
2,0,2,19.0,0,0,7057,5917.0
2,1,0,30.0,0,1,7058,0.0
0,1,2,52.0,0,1,7059,0.0
0,0,2,35.0,0,0,7060,2330.0
0,0,2,16.0,0,1,7061,1745.0
0,0,2,21.0,0,0,7062,903.0
0,0,1,45.0,0,0,7068,595.0
0,0,2,22.0,0,0,7069,788.0
0,1,0,24.0,0,0,7069,0.0
0,0,2,0.0,0,1,7069,0.0
0,0,1,63.0,0,0,7071,528.0
0,0,1,56.0,0,0,7072,105.0
0,1,2,40.0,0,1,7073,0.0
0,1,2,1.0,0,1,7074,0.0
0,0,2,24.0,0,0,7074,805.0
0,0,2,36.0,0,0,7077,865.0
0,0,2,13.0,0,0,7078,781.0
0,0,0,13.0,0,0,7079,767.0
0,1,0,37.0,0,1,7080,0.0
0,0,2,44.0,0,0,7082,994.0
1,1,2,32.0,0,1,7083,0.0
1,0,0,57.0,0,1,7083,0.0
0,0,0,26.0,0,0,7084,1070.0
2,0,2,62.0,0,0,7085,2365.0
2,1,0,2.0,0,1,7085,0.0
2,1,2,1.0,0,1,7085,0.0
0,0,2,24.0,0,0,7086,775.0
0,1,2,1.0,0,1,7087,0.0
0,0,2,63.0,0,0,7088,870.0
1,0,2,20.0,0,1,7089,3883.0
0,0,2,15.0,0,0,7090,877.0
0,1,2,32.0,0,1,7091,0.0
0,0,2,24.0,0,1,7092,644.0
0,1,2,32.0,0,0,7093,0.0
1,0,2,36.0,0,1,7094,4915.0
0,1,1,13.0,0,1,7095,0.0
1,1,2,29.0,0,1,7096,0.0
1,0,2,27.0,0,0,7096,2339.0
1,1,2,30.0,0,1,7096,0.0
1,0,0,27.0,0,1,7097,4851.0
1,0,2,14.0,0,0,7097,3572.0
1,0,2,32.0,1,0,7097,5712.0
1,0,0,33.0,1,0,7097,2389.0
0,0,2,35.0,0,1,7098,732.0
0,0,0,21.0,0,0,7099,320.0
0,0,2,57.0,0,0,7104,9612.0
1,0,2,42.0,0,1,7104,5036.0
0,0,0,20.0,0,1,7105,578.0
2,1,2,18.0,0,1,7106,0.0
1,0,0,49.0,0,0,7109,20699.0
0,0,1,23.0,0,0,7110,549.0
2,0,2,24.0,0,0,7111,1338.0
0,0,2,24.0,0,0,7113,757.0
0,0,0,23.0,0,1,7113,611.0
0,0,2,24.0,0,0,7114,694.0
0,1,1,26.0,0,0,7116,0.0
1,1,0,28.0,0,1,7117,0.0
0,0,1,17.0,0,0,7118,1383.0
0,0,2,20.0,0,0,7119,2152.0
0,0,2,22.0,0,0,7120,1201.0
1,1,0,23.0,0,1,7121,0.0
1,1,0,22.0,0,1,7121,0.0
0,0,2,29.0,0,0,7126,1384.0
1,0,2,24.0,0,0,7127,5565.0
1,1,2,31.0,0,1,7127,0.0
1,0,0,37.0,0,0,7128,13673.0
1,0,0,44.0,0,1,7128,4530.0
1,0,0,34.0,0,0,7128,5458.0
0,0,0,23.0,0,0,7132,626.0
0,0,2,18.0,0,0,7133,803.0
0,1,1,18.0,0,1,7134,0.0
0,0,2,23.0,0,0,7137,643.0
0,0,2,18.0,0,0,7140,748.0
2,0,2,22.0,0,0,7142,1173.0
2,0,2,10.0,0,1,7142,0.0
2,1,2,24.0,0,0,7142,0.0
2,0,2,31.0,0,0,7143,1346.0
0,1,2,48.0,0,0,7144,0.0
1,0,0,51.0,1,1,7148,1795.0
2,1,1,25.0,0,1,7149,0.0
2,0,2,32.0,0,0,7151,1590.0
0,0,2,8.0,0,1,7152,0.0
0,1,1,49.0,0,1,7152,0.0
0,0,1,28.0,0,0,7155,685.0
2,0,2,3.0,0,1,7156,0.0
2,0,2,24.0,0,1,7156,0.0
2,1,2,31.0,0,1,7156,0.0
2,0,2,11.0,0,1,7156,0.0
2,1,2,27.0,0,1,7157,0.0
2,0,2,33.0,0,0,7157,2385.0
1,1,1,32.0,0,1,7159,0.0
0,1,2,20.0,0,1,7160,0.0
1,0,2,33.0,0,0,7161,5659.0
0,0,2,65.0,0,0,7162,867.0
2,1,2,18.0,0,1,7165,0.0
2,0,2,19.0,0,0,7166,2899.0
1,0,0,33.0,0,1,7167,5420.0
0,0,2,24.0,0,1,7168,888.0
0,1,1,31.0,0,0,7170,0.0
0,1,2,37.0,0,1,7171,0.0
0,1,1,19.0,0,1,7173,0.0
0,0,2,18.0,0,0,7175,777.0
1,1,0,47.0,0,1,7176,0.0
1,0,2,26.0,0,0,7176,7632.0
1,0,2,25.0,0,1,7176,3617.0
0,0,2,38.0,0,0,7177,797.0
0,0,2,53.0,0,1,7179,2361.0
0,0,2,38.0,0,0,7180,791.0
2,1,2,28.0,0,1,7181,0.0
0,0,2,46.0,0,0,7182,2020.0
0,0,2,18.0,0,1,7184,714.0
1,1,2,14.0,0,1,7186,0.0
1,0,2,32.0,0,0,7186,2082.0
1,0,2,44.0,0,0,7186,4392.0
0,1,1,28.0,0,1,7187,0.0
1,0,2,2.0,0,1,7188,0.0
1,0,2,28.0,0,0,7188,16359.0
1,1,2,27.0,1,1,7188,0.0
1,1,2,29.0,0,1,7189,0.0
0,1,0,14.0,0,1,7190,0.0
0,0,2,14.0,0,0,7191,766.0
0,1,2,17.0,0,1,7192,0.0
0,0,2,35.0,0,1,7193,884.0
0,0,2,36.0,0,0,7194,750.0
2,0,2,51.0,0,0,7197,2163.0
0,0,2,54.0,0,0,7199,111.0
1,0,2,37.0,0,1,7200,3906.0
0,0,2,37.0,0,0,7202,1608.0
0,0,2,24.0,0,1,7203,827.0
2,0,2,24.0,0,0,7205,1216.0
0,0,2,38.0,0,0,7206,2428.0
0,1,2,28.0,0,1,7207,0.0
0,0,2,0.0,0,1,7208,0.0
0,0,2,16.0,0,0,7208,875.0
0,0,2,25.0,0,0,7210,879.0
0,0,0,22.0,0,1,7214,761.0
2,1,2,24.0,0,1,7215,0.0
0,0,1,37.0,0,1,7216,681.0
2,0,2,21.0,0,1,7217,1121.0
1,0,2,53.0,0,1,7218,0.0
1,0,2,0.0,0,1,7219,0.0
1,1,2,2.0,0,0,7219,0.0
1,1,2,64.0,0,1,7219,0.0
1,0,2,24.0,0,0,7219,6876.0
1,1,2,40.0,0,1,7219,0.0
1,0,2,32.0,0,0,7219,7166.0
1,0,0,54.0,1,0,7221,2743.0
0,1,2,30.0,0,1,7224,0.0
1,0,0,37.0,0,0,7225,3072.0
2,0,2,20.0,0,0,7226,3540.0
2,0,2,22.0,0,0,7227,1769.0
0,0,1,57.0,0,0,7229,684.0
0,1,2,34.0,0,1,7230,0.0
1,0,2,51.0,0,0,7232,4447.0
2,1,2,47.0,0,0,7233,0.0
0,0,2,22.0,0,0,7234,627.0
1,0,2,36.0,0,0,7235,4426.0
0,1,2,16.0,0,1,7236,0.0
2,0,2,60.0,0,0,7238,1775.0
2,0,2,39.0,0,1,7240,2598.0
2,0,2,18.0,0,1,7240,2935.0
1,1,0,30.0,0,1,7242,0.0
2,0,2,45.0,0,0,7246,1821.0
0,0,2,30.0,0,0,7247,1150.0
0,0,2,21.0,0,0,7249,1048.0
2,0,2,0.0,0,1,7249,0.0
2,0,0,51.0,0,1,7250,2663.0
2,0,2,22.0,0,0,7252,1173.0
1,0,2,26.0,0,1,7253,1587.0
0,0,2,10.0,0,0,7255,0.0
0,0,2,21.0,0,0,7256,787.0
0,1,0,14.0,0,1,7257,0.0
0,0,2,24.0,0,0,7257,792.0
0,0,2,43.0,0,1,7258,1863.0
0,0,1,22.0,0,1,7259,594.0
0,0,2,22.0,0,0,7260,723.0
0,1,1,23.0,0,1,7261,0.0
1,1,2,25.0,0,1,7267,0.0
1,0,2,35.0,0,1,7267,0.0
0,0,2,30.0,0,0,7268,791.0
0,1,2,37.0,0,1,7270,0.0
0,0,0,21.0,0,0,7271,705.0
0,0,0,36.0,0,1,7273,751.0
0,0,2,13.0,0,0,7274,918.0
0,0,0,22.0,0,0,7276,694.0
0,1,2,36.0,0,1,7277,0.0
0,0,2,17.0,0,1,7278,983.0
1,1,0,38.0,0,1,7279,0.0
2,0,2,34.0,0,0,7280,5962.0
2,0,2,20.0,0,1,7283,0.0
0,0,2,17.0,0,0,7284,770.0
0,1,1,36.0,0,1,7285,0.0
1,0,0,52.0,0,1,7289,2389.0
1,1,0,32.0,0,1,7290,0.0
1,1,0,35.0,0,1,7290,0.0
1,1,0,24.0,0,1,7290,0.0
1,0,2,36.0,0,0,7290,4165.0
1,0,2,36.0,0,0,7290,5047.0
2,0,0,21.0,0,0,7292,379.0
2,0,2,33.0,0,0,7296,1182.0
0,0,2,40.0,0,0,7297,907.0
0,0,2,24.0,0,1,7298,692.0
0,0,2,35.0,0,1,7300,885.0
2,1,2,29.0,0,1,7301,0.0
2,0,2,33.0,0,0,7302,1013.0
0,0,2,51.0,0,0,7303,982.0
2,1,2,10.0,0,1,7304,0.0
0,1,2,41.0,0,1,7305,0.0
0,0,0,26.0,0,1,7306,719.0
0,0,2,39.0,0,0,7307,799.0
2,0,2,14.0,0,0,7309,1040.0
2,0,2,28.0,0,0,7310,1182.0
0,0,2,18.0,0,0,7311,949.0
2,0,2,41.0,0,0,7313,3173.0
1,0,2,33.0,0,1,7314,0.0
0,0,2,26.0,0,0,7320,1040.0
2,1,2,31.0,0,1,7321,0.0
0,0,2,63.0,0,0,7322,2451.0
0,0,2,30.0,0,0,7323,970.0
1,0,2,27.0,0,1,7324,3221.0
0,0,2,47.0,0,0,7326,2993.0
2,0,2,37.0,0,1,7327,2000.0
0,0,2,14.0,0,0,7328,1572.0
0,0,2,27.0,0,0,7330,3160.0
2,0,2,61.0,0,0,7331,1719.0
0,0,2,39.0,0,0,7332,791.0
0,0,2,22.0,0,0,7334,788.0
0,0,2,30.0,0,0,7336,970.0
0,0,2,26.0,0,0,7336,902.0
1,0,2,25.0,0,0,7337,5979.0
2,0,2,42.0,0,0,7338,2704.0
1,0,2,33.0,0,0,7339,18166.0
1,0,2,60.0,0,0,7340,2758.0
0,1,0,16.0,0,1,7341,0.0
0,0,2,50.0,0,1,7342,744.0
0,0,2,22.0,0,0,7343,701.0
0,0,1,15.0,0,0,7344,961.0
2,0,2,27.0,0,0,7346,0.0
0,0,0,58.0,0,0,7347,676.0
0,1,2,48.0,0,1,7350,0.0
1,1,0,36.0,0,1,7351,0.0
1,0,2,60.0,0,0,7353,8903.0
1,1,2,46.0,0,1,7353,0.0
1,0,2,58.0,0,1,7353,4093.0
0,1,2,40.0,0,0,7356,0.0
0,1,2,3.0,0,1,7356,0.0
0,0,0,23.0,0,0,7358,700.0
0,0,1,21.0,0,1,7359,644.0
0,1,0,29.0,0,1,7360,0.0
1,1,0,23.0,0,1,7361,0.0
1,1,0,41.0,0,1,7361,0.0
0,0,2,20.0,0,0,7365,818.0
0,0,2,24.0,0,0,7366,889.0
2,0,2,21.0,0,0,7367,2718.0
2,0,2,55.0,0,0,7367,1288.0
0,0,2,21.0,0,0,7370,558.0
0,1,0,42.0,0,1,7371,0.0
0,0,2,40.0,0,0,7372,2991.0
2,1,2,30.0,0,1,7374,0.0
1,1,2,26.0,0,1,7376,0.0
0,1,1,43.0,0,0,7377,0.0
0,0,2,20.0,0,0,7379,1549.0
0,0,1,19.0,0,0,7385,689.0
1,0,2,40.0,0,1,7387,4313.0
0,1,1,17.0,0,1,7388,0.0
0,0,2,62.0,0,0,7390,836.0
0,1,2,32.0,0,0,7391,0.0
0,1,2,37.0,0,0,7392,0.0
0,0,2,40.0,0,0,7393,789.0
0,0,0,25.0,0,0,7394,674.0
1,1,0,17.0,0,1,7395,0.0
1,1,2,46.0,0,1,7395,0.0
1,0,2,38.0,0,0,7395,9857.0
1,0,0,43.0,1,0,7395,2956.0
1,0,0,28.0,0,1,7396,8329.0
1,1,2,31.0,1,1,7396,0.0
1,1,1,35.0,0,1,7396,0.0
0,0,2,19.0,0,1,7398,771.0
0,0,2,24.0,0,0,7399,761.0
2,0,0,20.0,0,0,7401,0.0
1,0,2,16.0,0,1,7402,1633.0
1,1,0,45.0,0,1,7402,0.0
0,0,2,19.0,0,0,7403,909.0
0,0,2,23.0,0,1,7405,1400.0
0,0,2,19.0,0,0,7406,886.0
2,0,2,32.0,0,0,7408,1309.0
0,0,2,41.0,0,1,7410,889.0
0,0,2,30.0,0,0,7411,1554.0
1,0,0,41.0,0,0,7416,17395.0
2,0,2,7.0,0,1,7418,0.0
0,0,2,39.0,0,1,7419,882.0
0,0,2,47.0,0,1,7419,872.0
0,0,2,21.0,0,0,7422,620.0
0,1,2,29.0,0,1,7425,0.0
0,0,2,19.0,0,0,7425,889.0
2,0,2,50.0,0,1,7427,0.0
1,0,2,28.0,0,0,7428,2051.0
2,0,2,38.0,0,0,7429,1183.0
0,0,1,24.0,0,0,7430,753.0
1,0,0,31.0,0,0,7431,3880.0
1,1,2,38.0,0,1,7432,0.0
1,1,0,26.0,0,1,7435,0.0
0,0,2,28.0,0,0,7436,0.0
1,1,0,45.0,0,1,7437,0.0
1,1,2,47.0,0,1,7437,0.0
1,1,2,60.0,0,1,7437,0.0
0,0,0,42.0,0,1,7438,718.0
0,0,2,43.0,0,0,7442,746.0
0,1,1,17.0,0,0,7442,0.0
0,1,2,17.0,0,0,7444,0.0
0,1,2,20.0,0,0,7445,0.0
0,0,2,18.0,0,0,7446,1800.0
2,0,2,24.0,0,0,7447,1113.0
0,0,0,25.0,0,0,7448,702.0
0,0,1,20.0,0,0,7449,1548.0
0,0,2,23.0,0,0,7450,704.0
1,1,2,48.0,0,1,7452,0.0
1,0,0,26.0,0,1,7452,5009.0
1,1,0,36.0,0,1,7452,0.0
1,1,0,27.0,0,1,7453,0.0
1,0,0,41.0,0,1,7455,2774.0
0,1,2,21.0,0,1,7456,0.0
2,0,2,71.0,0,0,7457,1298.0
0,1,2,64.0,0,0,7458,0.0
1,0,2,33.0,0,0,7459,2491.0
0,0,0,24.0,0,1,7460,1095.0
1,1,2,35.0,0,1,7461,0.0
0,1,1,13.0,0,1,7462,0.0
0,1,2,11.0,0,1,7464,0.0
2,1,2,24.0,0,1,7472,0.0
2,1,2,43.0,0,1,7475,0.0
2,1,2,36.0,0,1,7475,0.0
0,0,1,22.0,0,0,7477,690.0
1,0,2,56.0,0,1,7478,5761.0
2,1,2,34.0,0,1,7479,0.0
0,0,2,46.0,0,0,7481,1779.0
2,0,1,43.0,0,1,7483,1562.0
0,0,0,25.0,0,1,7484,1435.0
1,0,2,26.0,0,0,7485,4767.0
0,0,0,14.0,0,0,7486,1434.0
0,0,2,63.0,0,1,7487,785.0
2,0,2,29.0,0,0,7488,1299.0
2,1,1,45.0,0,1,7488,0.0
0,1,2,15.0,0,1,7490,0.0
2,0,2,19.0,0,1,7492,3149.0
0,0,2,53.0,0,0,7494,1618.0
2,0,2,45.0,0,0,7495,1157.0
1,0,0,41.0,0,1,7496,2482.0
2,0,2,68.0,1,0,7498,2365.0
2,1,2,5.0,0,1,7498,0.0
2,0,2,27.0,1,1,7498,940.0
0,0,0,20.0,0,1,7499,1283.0
0,0,2,54.0,1,0,7500,2005.0
0,0,2,18.0,0,0,7501,804.0
1,0,0,45.0,0,1,7502,6665.0
1,1,2,26.0,0,1,7503,0.0
1,0,2,37.0,0,1,7503,14547.0
0,0,2,30.0,0,0,7504,778.0
2,0,2,51.0,1,0,7505,5014.0
2,1,2,3.0,0,1,7505,0.0
2,1,2,3.0,0,1,7505,0.0
0,0,2,19.0,0,0,7506,2111.0
0,0,2,19.0,0,0,7507,789.0
0,0,2,6.0,0,1,7507,0.0
0,0,0,4.0,0,1,7507,0.0
1,0,2,23.0,0,0,7508,4337.0
0,0,2,37.0,0,0,7509,1449.0
2,0,0,18.0,0,0,7510,1450.0
0,0,1,29.0,0,0,7512,603.0
0,0,2,25.0,0,0,7513,787.0
0,0,2,52.0,0,0,7514,2106.0
2,1,2,24.0,0,0,7515,0.0
2,0,2,0.0,0,1,7515,0.0
0,0,1,25.0,0,0,7517,653.0
1,1,2,26.0,0,1,7518,0.0
1,0,1,32.0,1,0,7518,18692.0
0,0,2,58.0,0,0,7520,1934.0
0,0,2,44.0,0,0,7521,1154.0
0,0,2,41.0,0,0,7522,908.0
0,0,2,24.0,0,1,7523,810.0
0,1,2,41.0,0,1,7524,0.0
0,1,1,23.0,0,1,7524,0.0
1,0,2,27.0,0,0,7525,9490.0
1,1,0,61.0,0,1,7525,0.0
0,0,2,18.0,0,1,7527,794.0
0,1,2,18.0,0,1,7529,0.0
1,1,2,24.0,0,1,7531,0.0
1,1,0,15.0,0,1,7531,0.0
0,0,0,12.0,0,1,7533,0.0
0,0,1,40.0,0,0,7534,766.0
0,0,2,19.0,0,1,7535,1169.0
2,1,2,18.0,0,1,7536,0.0
1,0,2,48.0,1,0,7538,15601.0
1,0,0,37.0,0,0,7538,3916.0
0,0,2,35.0,0,0,7542,901.0
0,0,2,29.0,0,0,7543,758.0
0,0,2,54.0,0,0,7544,787.0
0,1,2,24.0,0,0,7545,0.0
0,0,2,22.0,0,1,7549,1608.0
0,1,1,18.0,0,1,7550,0.0
0,0,2,26.0,0,1,7552,792.0
0,0,1,19.0,0,0,7553,599.0
0,0,2,22.0,0,0,7559,864.0
1,0,2,17.0,0,1,7560,0.0
0,0,2,18.0,0,0,7561,776.0
2,1,0,39.0,0,1,7563,0.0
1,0,2,37.0,0,1,7565,8606.0
1,1,0,17.0,0,1,7565,0.0
1,0,0,25.0,0,0,7565,6810.0
1,0,2,9.0,0,1,7565,0.0
0,1,0,15.0,0,0,7567,0.0
0,0,2,19.0,0,0,7568,804.0
2,0,2,18.0,0,0,7569,3869.0
2,0,2,50.0,1,0,7569,2767.0
0,1,2,14.0,0,0,7572,0.0
0,1,1,19.0,0,0,7573,0.0
1,1,0,33.0,0,1,7574,0.0
1,0,2,23.0,0,1,7576,2369.0
1,0,2,39.0,0,0,7576,1892.0
0,0,1,14.0,0,0,7577,1533.0
0,0,0,14.0,0,0,7578,657.0
0,0,1,45.0,0,1,7579,677.0
0,1,2,22.0,0,1,7580,0.0
2,0,2,36.0,0,1,7583,2222.0
1,0,2,19.0,0,1,7584,0.0
1,1,2,59.0,0,1,7584,0.0
0,0,2,31.0,0,0,7584,2795.0
1,1,0,31.0,0,1,7585,0.0
1,0,2,39.0,0,0,7585,12273.0
1,0,2,28.0,0,1,7585,4012.0
1,1,2,19.0,0,1,7585,0.0
1,0,2,29.0,0,1,7586,2308.0
0,1,0,0.0,0,1,7588,0.0
0,0,0,15.0,0,1,7588,714.0
0,0,2,18.0,0,0,7592,1586.0
1,1,0,49.0,0,1,7594,0.0
0,0,2,36.0,0,1,7595,761.0
1,1,0,40.0,0,1,7596,0.0
1,1,2,56.0,0,1,7596,0.0
0,1,1,67.0,0,1,7598,0.0
0,0,2,44.0,0,0,7599,787.0
0,0,2,17.0,0,0,7601,1007.0
2,1,2,27.0,0,1,7604,0.0
2,0,2,23.0,0,0,7604,1121.0
2,0,0,28.0,0,0,7605,2662.0
2,1,2,54.0,0,1,7606,0.0
2,1,2,26.0,0,1,7608,0.0
1,0,0,40.0,1,0,7609,2916.0
1,1,2,39.0,0,1,7609,0.0
1,1,0,40.0,0,1,7614,0.0
0,0,1,20.0,0,1,7616,736.0
0,0,2,18.0,0,1,7618,809.0
2,0,2,17.0,0,0,7620,5917.0
1,1,0,35.0,0,1,7621,0.0
0,0,2,31.0,0,0,7622,769.0
0,0,2,40.0,0,0,7623,882.0
1,1,1,50.0,0,1,7624,0.0
0,0,2,21.0,0,0,7625,799.0
0,0,2,29.0,0,0,7626,792.0
1,0,0,63.0,0,1,7627,5559.0
2,0,2,19.0,0,1,7628,1325.0
2,0,2,36.0,0,0,7628,1765.0
0,0,0,48.0,0,0,7630,933.0
1,0,2,33.0,0,0,7631,3453.0
2,0,2,28.0,0,0,7632,2708.0
0,0,2,39.0,0,0,7633,848.0
0,1,2,27.0,0,1,7634,0.0
1,1,0,58.0,0,1,7635,0.0
1,1,0,44.0,0,1,7639,0.0
0,1,2,23.0,0,1,7640,0.0
0,0,0,21.0,0,1,7641,654.0
1,0,0,53.0,0,0,7643,11621.0
1,1,2,14.0,0,1,7643,0.0
0,1,1,17.0,0,1,7644,0.0
1,0,0,25.0,0,1,7646,18267.0
1,0,0,44.0,1,0,7646,4002.0
1,0,0,24.0,0,1,7646,4435.0
0,0,2,24.0,0,0,7647,810.0
0,1,2,24.0,0,1,7649,0.0
0,1,2,0.0,0,1,7650,0.0
0,1,0,7.0,0,0,7650,0.0
0,1,1,3.0,0,1,7650,0.0
0,0,2,18.0,0,1,7650,806.0
0,1,2,4.0,0,0,7650,0.0
1,1,0,40.0,0,1,7652,0.0
0,1,2,16.0,0,0,7656,0.0
1,1,0,25.0,0,1,7660,0.0
0,1,2,10.0,0,1,7661,0.0
0,1,2,40.0,0,1,7665,0.0
2,1,2,19.0,0,1,7666,0.0
1,1,0,15.0,0,1,7667,0.0
0,0,2,24.0,0,0,7669,809.0
2,1,2,21.0,0,1,7670,0.0
0,0,2,29.0,0,0,7671,738.0
2,0,2,37.0,1,0,7676,2788.0
0,1,1,49.0,0,0,7677,0.0
0,0,2,42.0,0,0,7678,1817.0
0,1,2,54.0,0,1,7678,0.0
0,1,2,33.0,0,0,7679,0.0
1,0,2,27.0,0,0,7680,7792.0
0,1,2,53.0,0,0,7682,0.0
0,0,2,28.0,0,1,7683,900.0
1,0,2,24.0,0,1,7684,6525.0
0,0,1,20.0,0,0,7687,1184.0
0,0,2,0.0,0,0,7688,0.0
0,0,2,24.0,0,0,7689,693.0
0,0,2,28.0,0,1,7690,0.0
2,1,2,42.0,0,1,7691,0.0
1,0,0,32.0,1,0,7692,3364.0
1,0,2,36.0,0,1,7693,3394.0
1,0,2,40.0,0,1,7693,0.0
0,0,2,30.0,0,0,7694,601.0
2,0,2,34.0,0,0,7696,1013.0
2,0,2,37.0,0,0,7696,1120.0
1,0,2,41.0,0,1,7697,0.0
1,1,0,25.0,0,1,7697,0.0
2,0,2,39.0,0,1,7698,1148.0
0,0,0,0.0,0,1,7699,0.0
2,0,2,54.0,0,0,7700,1288.0
0,1,2,16.0,0,0,7702,0.0
0,0,2,0.0,0,1,7703,0.0
0,1,2,13.0,0,1,7703,0.0
2,0,2,46.0,0,0,7705,5913.0
0,0,2,23.0,0,0,7707,1784.0
0,0,2,18.0,0,0,7708,696.0
0,0,1,27.0,0,0,7709,2721.0
0,1,1,24.0,0,0,7709,0.0
1,0,2,27.0,0,1,7710,6751.0
0,0,2,24.0,0,0,7711,1783.0
1,0,2,25.0,1,1,7712,4301.0
1,1,2,30.0,0,1,7713,0.0
0,0,2,19.0,0,0,7714,1800.0
0,0,0,18.0,0,0,7715,658.0
1,1,0,49.0,0,1,7716,0.0
0,0,2,64.0,0,0,7717,907.0
2,1,2,26.0,0,1,7719,0.0
0,0,0,53.0,0,0,7720,800.0
2,0,2,27.0,0,1,7721,2709.0
1,1,2,27.0,0,1,7723,0.0
2,0,2,25.0,0,0,7724,704.0
0,0,0,33.0,0,1,7727,660.0
1,0,2,27.0,0,0,7728,7670.0
1,1,0,20.0,0,1,7729,0.0
1,1,0,39.0,0,1,7731,0.0
2,0,2,27.0,0,0,7736,2114.0
2,1,2,19.0,0,1,7738,0.0
0,0,2,22.0,0,0,7739,608.0
0,0,2,3.0,0,0,7741,0.0
0,0,2,24.0,0,0,7741,787.0
2,1,2,41.0,0,1,7742,0.0
2,1,2,18.0,0,1,7742,0.0
0,0,2,63.0,0,0,7743,1020.0
1,0,2,19.0,0,0,7744,6307.0
1,1,2,39.0,0,1,7744,0.0
1,1,0,24.0,0,1,7746,0.0
2,0,2,41.0,0,0,7747,2599.0
1,0,2,44.0,0,0,7748,1812.0
1,0,2,39.0,1,0,7748,2487.0
2,1,0,29.0,0,1,7749,0.0
2,0,2,37.0,0,0,7749,2384.0
1,1,0,41.0,0,1,7751,0.0
0,0,1,18.0,0,0,7752,747.0
0,1,0,24.0,0,0,7753,0.0
1,0,0,55.0,0,1,7754,4586.0
0,1,2,21.0,0,1,7755,0.0
1,1,2,28.0,0,1,7757,0.0
1,0,2,43.0,0,1,7757,9973.0
0,0,1,32.0,0,0,7760,707.0
0,0,2,23.0,0,1,7761,791.0
0,1,0,5.0,0,1,7761,0.0
0,0,0,14.0,0,0,7763,852.0
0,0,2,24.0,0,0,7764,1584.0
0,1,1,22.0,0,1,7767,0.0
0,0,2,14.0,0,1,7768,634.0
0,0,2,20.0,0,0,7769,791.0
0,0,2,17.0,0,0,7770,1008.0
0,0,0,20.0,0,0,7770,1235.0
0,0,2,22.0,0,1,7771,710.0
0,1,2,15.0,0,1,7773,0.0
2,0,0,67.0,0,1,7774,1719.0
1,0,0,28.0,0,0,7775,6527.0
1,0,2,57.0,0,0,7776,6137.0
0,1,1,21.0,0,1,7777,0.0
2,0,2,34.0,0,0,7778,1578.0
2,1,2,17.0,0,0,7778,0.0
0,0,0,33.0,0,1,7780,677.0
1,0,0,33.0,0,0,7782,17662.0
1,0,2,28.0,0,0,7782,5931.0
2,1,2,18.0,0,1,7783,0.0
2,1,2,28.0,0,1,7784,0.0
0,0,2,13.0,0,0,7785,845.0
0,0,2,38.0,0,0,7786,3417.0
1,0,0,39.0,0,0,7787,2420.0
1,1,2,18.0,0,1,7787,0.0
0,0,1,43.0,0,0,7788,648.0
0,0,2,32.0,0,0,7789,1413.0
0,1,2,29.0,0,0,7790,0.0
2,0,0,45.0,0,0,7790,1140.0
2,1,2,25.0,0,1,7790,0.0
0,0,0,64.0,0,0,7791,702.0
0,0,2,18.0,0,0,7793,2141.0
0,0,2,44.0,0,0,7797,792.0
0,1,2,15.0,0,1,7800,0.0
0,0,0,21.0,0,0,7801,4393.0
2,0,2,33.0,0,0,7802,2598.0
0,0,0,3.0,0,0,7803,0.0
0,1,0,19.0,0,1,7803,0.0
0,0,2,37.0,0,0,7805,0.0
0,0,0,24.0,0,0,7806,689.0
0,0,2,26.0,0,0,7808,132.0
2,1,2,26.0,0,1,7809,0.0
2,1,2,26.0,0,1,7809,0.0
0,0,2,22.0,0,0,7810,1499.0
2,0,2,26.0,0,0,7812,1383.0
0,0,2,27.0,0,0,7813,880.0
0,0,1,27.0,0,1,7815,605.0
0,0,1,37.0,0,1,7816,925.0
0,1,2,22.0,0,0,7818,0.0
0,0,0,24.0,0,1,7820,809.0
0,0,2,23.0,0,0,7821,769.0
0,0,1,18.0,0,0,7824,1075.0
0,1,2,28.0,0,0,7828,0.0
0,1,2,4.0,0,1,7829,0.0
0,1,1,23.0,0,1,7830,0.0
0,1,1,2.0,0,1,7830,0.0
0,0,2,46.0,0,0,7830,672.0
0,0,2,0.0,0,0,7830,0.0
2,0,2,16.0,0,0,7831,1149.0
2,0,2,19.0,0,0,7832,1940.0
1,0,0,34.0,0,0,7833,7003.0
1,0,2,34.0,0,1,7833,4338.0
0,0,2,24.0,0,0,7834,1817.0
0,1,1,28.0,0,0,7835,0.0
1,1,0,44.0,0,1,7837,0.0
1,1,2,35.0,0,1,7837,0.0
0,0,2,20.0,0,0,7839,0.0
0,0,1,18.0,0,0,7840,661.0
0,0,1,43.0,0,0,7841,5281.0
0,0,1,48.0,0,0,7841,743.0
2,0,2,46.0,0,1,7842,1298.0
2,1,2,75.0,0,1,7843,0.0
1,1,0,24.0,0,1,7845,0.0
0,0,2,34.0,0,0,7847,907.0
2,0,2,29.0,0,0,7848,1687.0
2,1,2,46.0,0,1,7848,0.0
0,0,2,22.0,0,0,7849,621.0
2,1,2,42.0,0,0,7850,0.0
2,1,2,46.0,0,1,7851,0.0
0,0,2,15.0,0,0,7852,987.0
0,0,2,42.0,0,0,7853,2014.0
2,0,2,31.0,0,0,7853,1298.0
2,1,2,9.0,0,1,7853,0.0
0,0,2,34.0,0,0,7856,776.0
0,0,2,21.0,0,0,7858,845.0
0,0,0,16.0,0,0,7858,874.0
0,0,2,40.0,0,0,7858,828.0
0,0,2,23.0,0,1,7859,1288.0
0,1,2,6.0,0,0,7861,0.0
0,0,2,17.0,0,1,7863,2588.0
0,0,0,37.0,0,1,7864,2234.0
1,1,1,30.0,0,1,7865,0.0
1,1,2,32.0,0,1,7865,0.0
1,1,0,41.0,0,1,7865,0.0
1,0,0,43.0,0,0,7866,22177.0
0,0,0,17.0,0,0,7868,6278.0
1,1,2,37.0,0,1,7870,0.0
0,1,2,18.0,0,1,7871,0.0
0,0,2,1.0,0,0,7872,0.0
0,0,2,38.0,0,0,7872,1714.0
0,0,2,25.0,0,0,7872,868.0
0,0,2,6.0,0,0,7872,0.0
0,1,2,1.0,0,1,7872,0.0
0,0,1,7.0,0,1,7872,0.0
0,0,2,24.0,0,0,7873,737.0
0,0,2,19.0,0,1,7873,747.0
1,1,0,26.0,0,1,7875,0.0
0,0,2,49.0,0,0,7877,1757.0
0,0,2,18.0,0,0,7878,705.0
0,0,2,25.0,0,0,7879,722.0
0,0,2,46.0,0,0,7881,252.0
0,1,2,33.0,0,0,7882,0.0
0,0,2,10.0,0,1,7882,0.0
0,1,2,38.0,0,1,7883,0.0
2,0,2,23.0,0,0,7884,2077.0
0,1,2,26.0,0,1,7885,0.0
0,0,2,16.0,0,0,7886,846.0
0,0,2,29.0,0,1,7888,858.0
1,1,1,35.0,0,1,7889,0.0
0,0,2,58.0,0,0,7890,971.0
0,1,0,17.0,0,1,7890,0.0
0,1,2,16.0,0,1,7890,0.0
0,1,0,2.0,0,1,7891,0.0
0,0,2,13.0,0,0,7891,888.0
2,0,2,18.0,0,1,7892,940.0
0,0,0,29.0,0,1,7894,791.0
0,0,0,21.0,0,0,7895,700.0
1,1,0,43.0,0,1,7897,0.0
0,1,2,69.0,0,0,7899,0.0
0,0,2,40.0,0,0,7899,809.0
0,1,2,1.0,0,1,7899,0.0
2,1,2,36.0,0,1,7901,0.0
0,0,2,60.0,0,0,7902,0.0
0,1,1,17.0,0,1,7902,0.0
0,1,2,49.0,0,0,7902,0.0
0,0,2,23.0,0,0,7902,844.0
0,0,2,39.0,0,0,7903,645.0
0,1,2,53.0,0,1,7904,0.0
0,0,2,26.0,0,1,7904,4451.0
1,0,2,31.0,0,0,7905,2574.0
1,1,2,48.0,0,1,7905,0.0
1,0,0,26.0,0,0,7905,7927.0
2,1,2,25.0,0,1,7907,0.0
1,1,0,25.0,0,1,7908,0.0
0,0,2,30.0,0,0,7910,644.0
0,1,2,24.0,0,1,7913,0.0
0,1,2,23.0,0,0,7914,0.0
0,0,2,24.0,0,0,7914,530.0
0,0,2,47.0,0,1,7914,723.0
0,1,2,37.0,0,0,7916,0.0
2,1,2,24.0,0,1,7918,0.0
0,0,2,21.0,0,0,7919,907.0
2,1,2,42.0,0,1,7920,0.0
0,0,2,39.0,0,0,7922,3109.0
0,0,2,28.0,0,0,7924,646.0
0,0,2,32.0,0,0,7926,1581.0
1,0,2,31.0,0,0,7929,3839.0
0,1,2,13.0,0,1,7930,0.0
0,0,2,41.0,0,1,7935,903.0
0,0,2,21.0,0,0,7936,629.0
0,0,2,24.0,0,0,7936,0.0
0,0,2,9.0,0,1,7936,0.0
1,0,2,36.0,0,0,7937,12319.0
1,1,0,30.0,0,1,7937,0.0
0,0,2,27.0,0,0,7939,852.0
0,0,2,40.0,0,0,7940,1033.0
1,0,2,41.0,0,0,7941,20012.0
1,1,0,16.0,0,1,7943,0.0
1,0,1,36.0,1,1,7943,6608.0
1,0,2,15.0,0,0,7944,8145.0
1,1,2,39.0,0,1,7944,0.0
2,1,2,21.0,0,1,7945,0.0
0,0,1,24.0,0,1,7946,695.0
2,0,2,28.0,0,0,7947,1869.0
0,0,2,47.0,0,0,7949,2344.0
0,0,2,55.0,0,0,7950,1779.0
0,1,2,24.0,0,1,7950,0.0
0,0,0,22.0,0,1,7950,719.0
0,1,2,26.0,0,1,7950,0.0
2,0,2,62.0,0,0,7952,1349.0
2,0,2,53.0,0,0,7952,2098.0
0,0,0,29.0,0,0,7954,810.0
0,0,2,21.0,0,0,7955,888.0
0,1,1,18.0,0,1,7957,0.0
2,1,2,34.0,0,1,7958,0.0
0,0,2,19.0,0,0,7960,697.0
0,0,2,14.0,0,0,7962,1725.0
0,0,2,21.0,0,0,7967,706.0
2,0,2,55.0,0,1,7968,1265.0
1,0,0,18.0,0,1,7970,4006.0
1,1,0,33.0,0,1,7972,0.0
1,0,2,35.0,0,0,7972,4043.0
0,1,2,31.0,0,1,7973,0.0
1,0,2,27.0,0,0,7974,5983.0
1,0,2,24.0,0,0,7974,2000.0
0,1,1,13.0,0,1,7976,0.0
0,0,2,24.0,0,0,7981,722.0
0,0,2,22.0,0,0,7981,814.0
1,1,2,32.0,0,0,7982,0.0
1,1,2,18.0,0,1,7982,0.0
1,1,2,53.0,0,1,7983,0.0
2,0,2,4.0,0,1,7984,0.0
2,1,2,24.0,0,1,7984,0.0
2,0,2,23.0,0,1,7984,1271.0
2,0,2,1.0,0,1,7984,0.0
0,0,2,18.0,0,1,7985,2279.0
2,0,2,21.0,0,0,7986,1338.0
2,0,2,40.0,0,0,7987,3831.0
1,1,2,49.0,0,1,7988,0.0
0,1,1,25.0,0,0,7989,0.0
0,1,0,21.0,0,1,7990,0.0
1,1,2,40.0,0,1,7993,0.0
1,1,0,47.0,1,1,7993,0.0
0,0,1,25.0,0,0,7994,541.0
1,1,2,36.0,0,1,7995,0.0
0,0,2,39.0,0,0,7996,1442.0
1,1,0,26.0,0,1,7999,0.0
0,0,2,0.0,0,1,8000,0.0
0,1,2,14.0,0,1,8000,0.0
2,0,2,7.0,0,1,8003,0.0
2,1,0,50.0,0,1,8004,0.0
0,0,0,22.0,0,0,8005,687.0
0,1,1,17.0,0,1,8005,0.0
0,0,2,35.0,0,0,8005,716.0
0,0,2,22.0,0,0,8006,1516.0
0,0,2,26.0,0,0,8007,887.0
0,0,1,24.0,0,1,8007,1584.0
1,0,2,59.0,0,1,8010,2691.0
2,1,2,24.0,0,1,8012,0.0
2,0,2,17.0,0,0,8012,0.0
2,1,2,28.0,0,1,8012,0.0
0,1,2,38.0,0,1,8014,0.0
1,0,2,2.0,0,1,8015,0.0
1,0,2,36.0,0,0,8015,7978.0
1,1,0,32.0,0,1,8015,0.0
0,0,2,15.0,0,0,8016,986.0
0,0,2,54.0,0,0,8018,1299.0
2,1,2,18.0,0,1,8019,0.0
0,0,2,22.0,0,0,8020,748.0
0,1,2,23.0,0,0,8021,0.0
1,0,2,14.0,0,1,8023,6392.0
1,1,2,26.0,0,1,8023,0.0
0,0,2,73.0,0,0,8024,829.0
1,0,2,29.0,0,1,8025,0.0
2,1,2,29.0,0,1,8026,0.0
0,0,2,12.0,0,0,8027,0.0
0,0,0,27.0,0,0,8027,601.0
0,0,2,31.0,0,0,8029,839.0
0,1,1,26.0,0,0,8030,0.0
1,1,0,35.0,0,1,8031,0.0
1,1,2,25.0,0,1,8032,0.0
1,1,2,40.0,0,1,8032,0.0
2,1,2,18.0,0,0,8034,0.0
2,0,2,52.0,0,0,8034,1298.0
2,1,2,35.0,0,1,8035,0.0
0,0,2,51.0,0,0,8036,1543.0
0,0,2,35.0,0,0,8036,953.0
0,0,2,14.0,0,0,8037,902.0
1,1,0,24.0,0,1,8038,0.0
1,1,0,26.0,0,1,8038,0.0
0,1,0,21.0,0,0,8042,0.0
1,0,0,45.0,0,1,8043,18266.0
1,0,2,29.0,0,1,8043,1817.0
1,0,2,39.0,1,1,8043,1972.0
1,1,0,37.0,0,1,8043,0.0
0,1,1,22.0,0,1,8046,0.0
0,0,2,22.0,0,0,8049,809.0
0,0,1,30.0,0,0,8050,452.0
0,1,2,1.0,0,1,8050,0.0
0,1,1,0.0,0,1,8050,0.0
0,0,2,9.0,0,0,8052,0.0
0,0,1,18.0,0,0,8052,336.0
2,0,2,29.0,0,0,8053,1751.0
2,0,0,52.0,0,0,8054,2258.0
0,0,2,27.0,0,0,8055,905.0
1,0,2,54.0,0,0,8056,2447.0
1,0,2,28.0,0,1,8056,9714.0
1,1,2,65.0,0,1,8057,0.0
1,1,0,26.0,0,1,8057,0.0
0,0,2,29.0,0,0,8058,1994.0
0,0,2,20.0,0,0,8059,1817.0
2,0,2,39.0,0,0,8060,2618.0
2,1,2,37.0,0,1,8060,0.0
0,0,2,20.0,0,0,8063,36.0
2,1,2,40.0,0,1,8064,0.0
2,0,2,0.0,0,1,8064,0.0
2,1,2,33.0,0,0,8064,0.0
2,1,2,23.0,0,1,8066,0.0
0,0,0,32.0,0,0,8067,673.0
0,0,2,20.0,0,0,8068,776.0
1,1,0,60.0,0,1,8069,0.0
0,0,2,53.0,0,1,8071,716.0
1,1,2,26.0,0,1,8072,0.0
1,0,0,35.0,0,0,8072,8853.0
0,0,0,19.0,0,0,8075,639.0
1,0,0,43.0,0,0,8076,4826.0
1,0,0,29.0,0,0,8076,8093.0
0,0,2,20.0,0,0,8077,843.0
0,0,2,19.0,0,0,8078,2065.0
0,0,1,21.0,0,1,8079,615.0
1,0,0,39.0,0,1,8081,16693.0
0,1,2,12.0,0,0,8082,0.0
0,0,0,20.0,0,1,8082,1842.0
0,0,2,18.0,0,0,8083,736.0
1,0,2,31.0,0,0,8084,9594.0
0,0,1,35.0,0,0,8085,663.0
0,1,1,44.0,0,1,8086,0.0
1,0,2,62.0,0,1,8087,3945.0
2,0,2,23.0,0,0,8088,2348.0
2,0,2,23.0,1,0,8088,1680.0
0,0,2,19.0,0,1,8089,1797.0
0,0,2,29.0,0,0,8091,804.0
1,0,2,31.0,0,1,8092,7267.0
1,1,0,33.0,1,1,8092,0.0
1,0,2,41.0,0,0,8092,4166.0
1,0,2,60.0,0,1,8094,9116.0
1,1,2,41.0,0,1,8097,0.0
1,0,2,69.0,1,0,8098,9492.0
1,0,0,44.0,0,1,8098,2954.0
1,1,0,18.0,0,1,8098,0.0
1,0,0,26.0,0,1,8098,11987.0
0,0,2,30.0,0,0,8102,2887.0
2,0,2,34.0,0,0,8103,695.0
0,0,1,18.0,0,0,8105,669.0
0,1,0,49.0,0,1,8106,0.0
0,0,1,71.0,0,0,8107,703.0
0,0,1,19.0,0,0,8108,756.0
0,0,1,23.0,0,0,8112,689.0
1,1,2,31.0,0,1,8115,0.0
1,1,2,40.0,0,1,8115,0.0
2,0,0,28.0,0,0,8116,1187.0
1,1,2,17.0,0,1,8117,0.0
1,0,2,24.0,0,0,8117,5880.0
1,1,0,54.0,0,1,8117,0.0
0,1,2,21.0,0,0,8118,0.0
0,1,0,2.0,0,0,8119,0.0
0,0,0,20.0,0,1,8119,1162.0
0,0,0,20.0,0,0,8119,716.0
1,0,0,36.0,0,1,8120,5938.0
0,1,2,25.0,0,1,8121,0.0
1,0,0,58.0,0,0,8122,5707.0
1,0,2,37.0,0,1,8122,1398.0
1,0,2,26.0,0,0,8122,7373.0
0,1,2,45.0,0,0,8123,0.0
0,0,2,44.0,0,0,8124,903.0
2,1,2,24.0,0,1,8128,0.0
0,1,0,13.0,0,1,8129,0.0
0,0,2,4.0,0,1,8129,0.0
0,0,2,24.0,0,0,8129,2290.0
0,0,0,27.0,0,0,8129,804.0
0,0,2,39.0,0,0,8129,1670.0
0,1,2,23.0,0,0,8130,0.0
0,0,0,4.0,0,0,8130,0.0
0,1,2,0.0,0,0,8130,0.0
2,1,2,22.0,0,1,8131,0.0
2,0,2,27.0,0,0,8133,1718.0
1,1,2,22.0,0,1,8135,0.0
1,1,0,26.0,0,1,8136,0.0
1,0,2,60.0,0,0,8136,10800.0
0,0,2,18.0,0,0,8137,908.0
0,1,0,20.0,0,0,8138,0.0
0,0,2,25.0,0,1,8139,791.0
0,1,1,24.0,0,1,8140,0.0
0,1,2,38.0,0,1,8141,0.0
0,0,2,18.0,0,1,8143,734.0
1,1,0,45.0,0,1,8144,0.0
1,0,2,13.0,0,0,8144,9063.0
1,0,2,28.0,0,1,8144,3524.0
1,0,2,5.0,0,1,8144,0.0
0,0,2,20.0,0,0,8147,3762.0
0,1,2,2.0,0,1,8147,0.0
0,0,2,42.0,0,0,8147,906.0
0,0,0,0.0,0,1,8147,0.0
0,0,2,18.0,0,0,8148,809.0
0,1,1,26.0,0,0,8149,0.0
2,1,0,3.0,0,1,8150,0.0
2,1,1,49.0,0,1,8150,0.0
2,0,2,19.0,0,0,8150,1287.0
0,1,2,19.0,0,0,8152,0.0
0,1,2,15.0,0,0,8153,0.0
0,0,1,53.0,0,0,8156,521.0
0,0,2,0.0,0,1,8157,0.0
0,0,0,39.0,0,0,8157,2154.0
0,0,2,45.0,0,0,8157,4688.0
0,1,2,10.0,0,1,8157,0.0
0,0,0,1.0,0,1,8157,0.0
0,0,2,9.0,0,1,8157,0.0
2,0,2,40.0,0,0,8158,1309.0
0,0,2,26.0,0,0,8159,630.0
0,0,2,18.0,0,0,8161,1235.0
1,0,2,47.0,0,0,8162,2293.0
0,0,2,31.0,0,0,8164,1818.0
2,0,2,24.0,0,0,8165,1048.0
0,1,1,23.0,0,1,8167,0.0
0,0,0,32.0,0,0,8168,749.0
0,0,2,32.0,0,0,8168,1384.0
0,0,2,21.0,0,0,8168,646.0
0,0,2,24.0,0,0,8168,864.0
0,0,2,22.0,0,0,8168,753.0
0,0,2,18.0,0,1,8168,860.0
0,1,1,28.0,0,1,8168,0.0
0,1,2,38.0,0,1,8168,0.0
0,0,2,46.0,0,0,8171,748.0
1,0,2,44.0,0,1,8173,4296.0
1,1,2,38.0,0,1,8175,0.0
1,0,0,28.0,0,0,8176,11465.0
0,0,2,31.0,0,0,8177,643.0
0,1,2,18.0,0,1,8178,0.0
0,0,1,18.0,0,0,8182,756.0
0,0,0,4.0,0,1,8186,0.0
0,1,1,0.0,0,1,8186,0.0
0,0,2,0.0,0,0,8186,0.0
0,1,1,23.0,0,0,8186,0.0
1,0,2,35.0,0,0,8189,3225.0
1,1,0,43.0,0,1,8190,0.0
0,0,1,18.0,0,0,8191,774.0
0,0,2,18.0,0,0,8192,1444.0
0,0,2,18.0,0,1,8194,692.0
0,0,0,49.0,0,0,8197,716.0
0,0,2,19.0,0,0,8199,0.0
0,1,1,22.0,0,1,8200,0.0
1,0,2,4.0,0,1,8202,0.0
1,0,2,0.0,0,1,8202,0.0
0,1,2,24.0,0,1,8202,0.0
1,0,2,39.0,0,1,8202,4560.0
1,0,0,36.0,0,0,8202,16338.0
1,1,2,53.0,0,1,8202,0.0
1,0,0,23.0,0,0,8203,401.0
1,1,2,24.0,0,1,8203,0.0
1,0,2,25.0,0,0,8204,3453.0
1,0,2,30.0,0,0,8204,3575.0
0,0,2,20.0,0,0,8205,627.0
2,1,2,40.0,0,1,8207,0.0
0,1,1,18.0,0,1,8208,0.0
0,0,2,57.0,0,1,8209,888.0
2,0,2,47.0,0,0,8210,1782.0
0,1,0,26.0,0,1,8211,0.0
0,0,1,29.0,0,0,8212,559.0
0,0,2,32.0,0,0,8213,884.0
1,1,2,30.0,0,1,8214,0.0
0,0,2,18.0,0,1,8216,704.0
0,0,2,49.0,0,0,8217,800.0
1,1,2,33.0,0,1,8218,0.0
0,0,2,18.0,0,0,8219,1779.0
1,0,2,29.0,0,1,8220,5326.0
2,1,2,34.0,0,1,8221,0.0
2,0,2,43.0,0,0,8222,2384.0
2,0,2,18.0,0,1,8222,1288.0
0,1,2,31.0,0,0,8224,0.0
2,0,2,15.0,0,0,8225,1463.0
2,1,2,3.0,0,1,8226,0.0
2,1,2,37.0,0,1,8226,0.0
2,1,2,1.0,0,1,8226,0.0
0,0,2,27.0,0,1,8227,1681.0
0,1,2,15.0,0,1,8229,0.0
0,0,2,33.0,0,1,8231,1020.0
0,0,2,65.0,0,0,8231,908.0
0,0,2,19.0,0,0,8232,1234.0
0,0,2,30.0,0,0,8233,797.0
0,0,2,37.0,0,0,8233,899.0
0,0,2,15.0,0,0,8235,1441.0
0,0,2,19.0,0,0,8237,778.0
0,0,2,20.0,0,0,8238,794.0
0,1,0,19.0,0,0,8238,0.0
0,0,0,21.0,0,0,8239,694.0
0,0,2,20.0,0,1,8242,888.0
0,0,2,18.0,0,0,8243,908.0
0,0,2,27.0,0,0,8244,1016.0
1,0,2,23.0,0,1,8247,3866.0
0,1,2,25.0,0,0,8248,0.0
0,0,1,72.0,0,0,8248,772.0
0,1,2,35.0,0,1,8251,0.0
0,0,0,29.0,0,0,8252,1208.0
0,0,2,11.0,0,0,8252,0.0
0,1,2,7.0,0,0,8252,0.0
2,1,2,24.0,0,1,8254,0.0
0,0,2,28.0,0,0,8255,888.0
2,0,2,41.0,0,0,8257,1049.0
0,0,2,24.0,0,0,8259,810.0
0,0,0,19.0,0,0,8260,721.0
0,0,0,8.0,0,1,8260,0.0
0,1,0,4.0,0,1,8260,0.0
0,1,1,38.0,0,0,8261,0.0
2,0,2,21.0,0,1,8264,1040.0
0,1,2,18.0,0,0,8265,0.0
0,1,2,10.0,0,1,8266,0.0
2,0,2,29.0,0,0,8267,1298.0
2,1,2,25.0,0,1,8267,0.0
1,1,2,40.0,0,1,8268,0.0
1,0,2,19.0,0,0,8268,3267.0
2,0,2,38.0,0,1,8270,2013.0
0,0,2,19.0,0,1,8271,2786.0
2,0,2,0.0,0,1,8272,0.0
2,1,2,4.0,0,1,8272,0.0
2,1,2,29.0,0,1,8272,0.0
0,0,2,46.0,0,0,8273,884.0
2,1,2,32.0,0,1,8275,0.0
1,0,2,26.0,0,1,8276,0.0
1,1,2,23.0,0,1,8276,0.0
0,1,0,32.0,0,1,8277,0.0
0,0,2,31.0,0,1,8279,4445.0
0,0,2,34.0,0,1,8280,902.0
0,0,2,45.0,0,0,8281,704.0
0,0,2,61.0,0,0,8282,807.0
2,0,2,21.0,0,0,8287,1896.0
2,0,2,24.0,0,0,8288,2729.0
2,0,2,15.0,0,0,8288,1337.0
0,1,2,14.0,0,0,8289,0.0
0,1,2,18.0,0,1,8291,0.0
1,1,2,39.0,0,1,8292,0.0
2,1,2,62.0,0,1,8294,0.0
2,0,2,40.0,0,0,8295,1309.0
0,0,2,21.0,0,0,8297,666.0
2,1,2,12.0,0,1,8298,0.0
1,0,2,27.0,0,1,8300,2542.0
1,0,2,28.0,0,0,8301,7792.0
0,0,2,0.0,0,1,8302,0.0
0,0,2,17.0,0,0,8302,871.0
2,0,0,23.0,0,0,8303,2982.0
0,0,2,6.0,0,1,8306,0.0
0,1,1,29.0,0,1,8306,0.0
0,0,2,41.0,0,0,8306,885.0
1,0,0,27.0,1,1,8307,3266.0
1,1,2,34.0,0,1,8307,0.0
1,1,0,36.0,0,1,8310,0.0
0,0,2,30.0,0,0,8313,754.0
1,0,2,30.0,0,0,8314,6872.0
0,0,0,29.0,1,1,8314,3605.0
0,0,2,21.0,0,0,8315,803.0
0,0,0,21.0,0,0,8316,574.0
0,0,0,18.0,0,0,8317,698.0
2,1,2,11.0,0,1,8318,0.0
2,0,2,65.0,0,0,8318,1399.0
2,0,0,25.0,0,0,8318,1074.0
2,1,0,0.0,0,1,8318,0.0
0,0,2,24.0,0,0,8319,804.0
0,1,1,19.0,0,1,8320,0.0
0,0,2,23.0,0,0,8321,693.0
1,0,1,45.0,1,0,8322,8815.0
0,1,0,52.0,0,1,8322,0.0
0,0,1,55.0,0,1,8323,790.0
0,1,1,24.0,0,0,8324,0.0
0,0,2,31.0,0,0,8326,774.0
0,1,2,18.0,0,0,8328,0.0
0,1,2,22.0,0,0,8329,0.0
0,0,2,39.0,0,0,8330,803.0
0,1,1,19.0,0,1,8332,0.0
1,0,0,33.0,0,0,8333,6360.0
0,1,1,14.0,0,1,8334,0.0
2,0,2,30.0,0,0,8335,1299.0
2,1,2,30.0,0,1,8336,0.0
2,1,2,21.0,0,1,8338,0.0
2,0,2,45.0,0,0,8338,1337.0
2,1,2,17.0,0,1,8338,0.0
1,0,2,39.0,0,0,8339,3889.0
1,0,2,22.0,0,0,8339,6879.0
0,0,2,37.0,0,0,8341,690.0
1,0,2,48.0,0,1,8342,701.0
1,1,2,33.0,0,1,8342,0.0
1,0,0,37.0,0,0,8342,3785.0
0,0,2,27.0,0,0,8343,2653.0
2,1,2,29.0,0,1,8344,0.0
2,0,2,38.0,0,1,8344,953.0
2,1,2,16.0,0,1,8344,0.0
0,0,1,18.0,0,0,8345,2056.0
0,0,2,24.0,0,0,8346,774.0
2,1,2,47.0,0,1,8348,0.0
1,1,2,15.0,0,1,8354,0.0
1,1,2,13.0,0,1,8354,0.0
0,1,1,19.0,0,0,8356,0.0
1,1,2,17.0,0,1,8360,0.0
1,1,2,31.0,0,1,8360,0.0
0,0,2,19.0,0,1,8362,775.0
1,0,0,25.0,0,0,8363,2927.0
1,0,2,26.0,0,0,8363,3994.0
0,1,0,25.0,0,1,8365,0.0
0,0,2,2.0,0,0,8366,0.0
0,0,2,7.0,0,0,8366,0.0
0,1,2,2.0,0,1,8366,0.0
0,0,2,19.0,0,0,8366,616.0
0,0,2,1.0,0,0,8366,0.0
0,1,2,4.0,0,1,8368,0.0
0,0,0,49.0,0,1,8368,777.0
2,1,2,61.0,0,1,8369,0.0
2,0,2,57.0,1,1,8369,1896.0
0,0,0,52.0,0,1,8371,753.0
0,0,2,22.0,0,0,8373,730.0
1,1,0,37.0,0,1,8374,0.0
0,0,1,15.0,0,1,8375,704.0
2,1,2,28.0,0,1,8376,0.0
2,0,2,40.0,0,0,8377,1298.0
0,0,2,13.0,0,0,8378,3324.0
0,0,2,24.0,0,0,8379,702.0
0,1,1,25.0,0,1,8380,0.0
0,0,2,25.0,0,0,8381,791.0
1,0,2,43.0,0,0,8382,12386.0
0,1,2,46.0,0,0,8383,0.0
0,1,2,3.0,0,0,8383,0.0
0,0,2,3.0,0,1,8383,0.0
0,1,2,3.0,0,1,8383,0.0
0,0,2,8.0,0,0,8383,0.0
0,0,2,57.0,0,1,8383,842.0
0,0,2,11.0,0,0,8383,0.0
0,0,2,20.0,0,0,8384,1535.0
0,0,0,27.0,0,0,8386,3539.0
0,0,2,20.0,0,1,8388,814.0
0,1,1,14.0,0,1,8390,0.0
0,0,1,24.0,0,0,8392,756.0
0,0,2,21.0,0,0,8393,703.0
1,0,0,33.0,1,0,8394,8434.0
1,0,2,32.0,0,0,8395,2480.0
0,0,1,22.0,0,1,8397,510.0
1,1,2,15.0,0,1,8398,0.0
1,1,2,41.0,0,1,8398,0.0
1,1,0,31.0,0,1,8401,0.0
1,1,0,35.0,0,1,8403,0.0
0,1,2,48.0,0,1,8404,0.0
0,1,2,15.0,0,1,8404,0.0
0,0,2,37.0,0,1,8405,1025.0
2,0,2,21.0,0,0,8406,2578.0
0,0,2,34.0,0,0,8407,1394.0
0,1,2,19.0,0,0,8409,0.0
0,0,2,52.0,0,0,8410,703.0
0,0,2,15.0,0,1,8411,3137.0
0,0,2,24.0,0,0,8414,784.0
0,0,2,45.0,0,1,8416,637.0
1,1,0,13.0,0,1,8418,0.0
1,0,2,18.0,0,0,8418,2890.0
0,0,2,19.0,0,1,8419,649.0
0,1,2,20.0,0,1,8419,0.0
0,0,2,20.0,0,0,8420,4272.0
0,0,2,27.0,0,1,8421,803.0
0,0,2,22.0,0,0,8423,739.0
0,1,1,17.0,0,0,8427,0.0
0,1,0,23.0,0,1,8429,0.0
0,0,2,29.0,0,0,8430,870.0
1,1,0,24.0,0,1,8431,0.0
1,0,0,26.0,0,0,8431,5283.0
0,1,2,36.0,0,0,8432,0.0
0,0,2,25.0,0,1,8433,969.0
0,0,1,36.0,0,0,8437,694.0
2,0,2,32.0,0,0,8438,2366.0
0,1,0,16.0,0,1,8441,0.0
2,0,2,32.0,0,0,8442,1048.0
0,0,2,48.0,0,0,8444,1573.0
0,0,2,25.0,0,0,8447,1507.0
1,1,0,46.0,0,1,8448,0.0
1,0,0,32.0,0,0,8449,12668.0
1,0,2,50.0,0,1,8449,3676.0
2,0,0,31.0,0,0,8451,1997.0
2,1,2,27.0,0,1,8451,0.0
1,0,0,52.0,1,0,8452,10320.0
1,1,2,34.0,0,1,8452,0.0
1,1,0,40.0,0,1,8452,0.0
1,0,2,36.0,0,1,8452,2791.0
0,0,2,19.0,0,0,8454,773.0
1,1,0,33.0,0,1,8456,0.0
0,0,2,23.0,0,0,8457,631.0
1,0,0,57.0,0,0,8458,11326.0
1,1,0,24.0,0,1,8458,0.0
1,1,0,19.0,0,1,8458,0.0
1,1,2,54.0,0,1,8458,0.0
1,0,2,28.0,0,1,8458,3444.0
1,0,2,26.0,1,1,8458,5735.0
0,1,1,43.0,0,0,8459,0.0
0,0,2,39.0,0,0,8460,761.0
0,0,2,21.0,0,1,8462,672.0
0,0,0,24.0,0,0,8463,645.0
2,0,2,35.0,0,0,8465,0.0
2,1,2,61.0,0,1,8465,0.0
0,0,2,21.0,0,0,8466,702.0
0,1,0,14.0,0,1,8467,0.0
2,0,0,38.0,0,0,8468,1180.0
0,1,0,23.0,0,1,8469,0.0
1,0,0,31.0,1,0,8470,14028.0
1,0,0,66.0,1,0,8471,3747.0
0,1,2,56.0,0,0,8472,0.0
0,0,0,21.0,0,0,8474,737.0
1,0,0,49.0,0,0,8475,5133.0
1,0,0,21.0,0,0,8475,11639.0
2,0,2,27.0,0,1,8476,1056.0
0,0,2,23.0,0,0,8477,1982.0
0,0,2,27.0,0,0,8479,716.0
0,0,2,49.0,0,0,8480,2329.0
0,0,2,38.0,0,0,8480,884.0
1,1,2,60.0,0,1,8481,0.0
0,1,0,47.0,0,0,8482,0.0
1,1,2,29.0,1,1,8483,0.0
0,1,2,19.0,0,1,8486,0.0
1,0,0,32.0,1,0,8487,9964.0
0,1,1,22.0,0,1,8489,0.0
2,0,0,35.0,0,1,8491,6658.0
0,0,2,28.0,0,1,8492,732.0
0,1,1,22.0,0,0,8493,0.0
2,0,2,42.0,0,1,8494,2071.0
1,0,0,37.0,0,1,8495,6029.0
2,0,2,31.0,0,1,8500,1348.0
2,0,2,33.0,1,0,8502,3897.0
1,0,2,48.0,0,0,8503,7497.0
1,0,2,31.0,0,0,8503,4413.0
1,1,0,18.0,0,1,8503,0.0
0,0,2,44.0,0,1,8504,2039.0
0,1,0,22.0,0,1,8504,0.0
0,0,2,18.0,0,0,8506,739.0
2,1,2,48.0,0,1,8508,0.0
2,1,2,2.0,0,1,8508,0.0
2,0,2,0.0,0,1,8508,0.0
0,0,2,43.0,0,0,8509,884.0
0,0,1,51.0,0,0,8511,773.0
0,0,0,48.0,0,1,8512,727.0
2,0,2,51.0,0,0,8514,2618.0
0,0,2,20.0,0,1,8516,327.0
1,0,2,41.0,0,0,8521,0.0
0,0,2,27.0,0,1,8522,872.0
1,0,0,56.0,0,0,8523,9328.0
1,1,0,26.0,0,1,8524,0.0
0,0,2,21.0,0,0,8528,850.0
2,0,2,24.0,0,0,8530,2598.0
0,0,0,23.0,0,0,8535,559.0
1,0,0,28.0,0,0,8536,12244.0
2,1,2,40.0,0,1,8537,0.0
2,0,2,39.0,0,0,8537,5617.0
2,1,2,16.0,0,1,8537,0.0
0,0,2,20.0,0,0,8539,115.0
0,0,2,24.0,0,0,8540,699.0
2,0,2,45.0,1,0,8541,2384.0
2,0,0,33.0,0,1,8541,2147.0
2,1,2,19.0,0,0,8542,0.0
0,0,2,15.0,0,0,8544,716.0
0,0,2,18.0,0,0,8545,724.0
0,0,2,21.0,0,0,8548,716.0
2,1,2,37.0,0,1,8549,0.0
1,0,2,53.0,0,0,8551,3537.0
2,0,2,19.0,0,0,8552,0.0
2,0,2,17.0,0,0,8552,2598.0
0,0,1,58.0,0,1,8554,689.0
1,0,2,18.0,0,0,8556,30478.0
1,0,0,25.0,1,1,8556,4841.0
1,1,2,39.0,0,1,8557,0.0
1,1,0,40.0,0,1,8557,0.0
2,0,2,27.0,1,0,8559,2114.0
2,0,2,3.0,0,1,8559,0.0
2,1,2,18.0,0,1,8559,0.0
0,1,0,18.0,0,1,8560,0.0
0,1,1,29.0,0,0,8561,0.0
0,0,2,22.0,0,0,8566,808.0
1,0,2,34.0,0,1,8569,3733.0
0,1,1,19.0,0,0,8570,0.0
2,0,2,26.0,0,0,8571,5963.0
1,0,2,33.0,0,0,8572,7780.0
0,0,2,34.0,0,1,8573,806.0
0,1,2,18.0,0,1,8573,0.0
2,1,2,40.0,0,1,8574,0.0
2,0,2,53.0,0,0,8574,1056.0
2,1,2,8.0,0,1,8574,0.0
2,0,2,54.0,0,0,8574,1774.0
2,1,0,29.0,0,1,8574,0.0
2,1,2,56.0,0,1,8577,0.0
0,0,1,21.0,0,0,8580,615.0
1,1,2,25.0,1,1,8581,0.0
1,1,2,33.0,0,1,8581,0.0
0,0,2,22.0,0,0,8584,697.0
2,0,2,50.0,0,0,8585,1181.0
2,0,0,24.0,0,0,8586,2134.0
0,0,2,25.0,0,0,8587,1040.0
2,1,2,59.0,0,1,8588,0.0
1,0,0,26.0,0,0,8589,3123.0
1,0,2,19.0,0,0,8592,7728.0
0,0,2,37.0,0,0,8594,883.0
2,1,2,22.0,0,1,8595,0.0
1,1,2,44.0,0,1,8596,0.0
1,1,0,25.0,0,1,8596,0.0
0,1,2,23.0,0,1,8597,0.0
0,0,0,6.0,0,1,8598,0.0
0,1,1,39.0,0,1,8598,0.0
0,0,0,26.0,0,0,8598,810.0
0,0,0,14.0,0,0,8599,706.0
0,1,2,3.0,0,0,8602,0.0
0,0,1,21.0,0,0,8602,3560.0
0,1,2,24.0,0,0,8602,0.0
0,1,1,18.0,0,0,8603,0.0
2,0,2,37.0,0,0,8604,2598.0
2,1,2,21.0,0,1,8604,0.0
1,0,2,67.0,0,0,8605,2654.0
1,1,2,28.0,0,1,8605,0.0
1,1,0,13.0,0,1,8605,0.0
1,0,2,26.0,0,0,8605,4713.0
1,1,0,33.0,0,1,8605,0.0
0,1,2,18.0,0,0,8606,0.0
0,0,2,24.0,0,0,8606,1388.0
0,0,2,26.0,0,0,8606,788.0
0,0,1,21.0,0,1,8607,2382.0
0,0,2,27.0,0,0,8609,996.0
0,1,1,15.0,0,1,8610,0.0
0,0,0,24.0,0,0,8611,646.0
0,0,2,31.0,0,0,8612,883.0
0,0,2,10.0,0,1,8613,0.0
0,0,2,23.0,0,1,8614,1792.0
0,0,0,50.0,0,1,8615,829.0
0,1,0,13.0,0,1,8615,0.0
2,0,2,43.0,0,0,8616,1815.0
2,1,0,20.0,0,1,8616,0.0
0,0,2,21.0,0,1,8617,1486.0
1,0,0,18.0,0,0,8618,2064.0
1,1,2,16.0,0,1,8618,0.0
1,0,2,47.0,0,0,8619,5109.0
2,0,2,35.0,1,0,8620,1276.0
0,0,2,15.0,0,0,8623,1362.0
0,0,2,46.0,0,0,8624,1063.0
0,1,2,6.0,0,0,8624,0.0
0,0,2,26.0,0,0,8626,871.0
0,0,1,49.0,0,0,8628,704.0
0,1,2,28.0,0,1,8629,0.0
2,1,2,37.0,0,0,8631,0.0
0,0,2,17.0,0,0,8633,685.0
0,0,2,38.0,0,0,8634,1822.0
0,0,2,18.0,0,0,8635,1608.0
2,1,2,55.0,0,1,8636,0.0
0,1,2,28.0,0,1,8637,0.0
2,0,2,25.0,0,1,8637,7349.0
2,0,2,17.0,0,0,8637,1298.0
0,1,2,22.0,0,0,8638,0.0
0,0,2,4.0,0,1,8638,0.0
0,0,0,3.0,0,1,8638,0.0
2,1,2,21.0,0,0,8639,0.0
2,0,2,24.0,0,0,8639,6179.0
0,0,2,50.0,0,0,8640,689.0
2,0,2,3.0,0,1,8641,0.0
2,0,2,19.0,0,0,8641,1149.0
2,1,2,22.0,0,1,8641,0.0
0,0,1,20.0,0,0,8642,629.0
2,0,2,18.0,0,0,8643,2898.0
0,0,2,27.0,0,0,8644,879.0
0,0,2,29.0,0,0,8644,1972.0
0,0,0,23.0,0,1,8645,2253.0
1,1,2,48.0,0,1,8646,0.0
1,0,2,32.0,0,0,8646,4649.0
1,1,2,55.0,0,1,8646,0.0
1,0,0,49.0,0,0,8646,8852.0
0,1,2,15.0,0,1,8650,0.0
0,1,2,50.0,0,1,8653,0.0
0,0,2,35.0,0,0,8654,861.0
1,0,2,29.0,0,0,8656,10553.0
1,0,0,38.0,1,0,8656,4686.0
1,1,0,29.0,1,1,8656,0.0
2,0,2,39.0,0,1,8657,1348.0
2,0,2,49.0,0,1,8658,1591.0
2,0,2,39.0,0,0,8658,1309.0
0,0,2,19.0,0,1,8659,704.0
0,0,2,19.0,0,0,8661,2485.0
0,0,2,14.0,0,1,8663,6137.0
0,1,0,40.0,0,1,8663,0.0
0,0,2,40.0,0,0,8664,909.0
2,0,2,20.0,0,0,8667,1188.0
2,1,2,6.0,0,1,8668,0.0
2,0,2,41.0,0,0,8668,1955.0
2,0,2,37.0,0,0,8668,0.0
0,0,2,31.0,0,0,8669,971.0
0,0,2,8.0,0,0,8669,0.0
0,0,2,55.0,0,0,8669,962.0
0,1,1,16.0,0,1,8670,0.0
1,0,0,29.0,0,1,8671,2570.0
0,0,2,40.0,0,0,8672,443.0
1,1,2,27.0,0,1,8673,0.0
2,0,2,21.0,0,0,8674,4975.0
1,1,2,25.0,0,1,8675,0.0
2,0,2,44.0,0,0,8680,1671.0
2,0,2,34.0,0,0,8681,2598.0
2,0,2,1.0,0,1,8681,0.0
2,0,2,1.0,0,1,8681,0.0
0,0,1,42.0,0,0,8683,569.0
0,0,2,18.0,0,0,8684,716.0
0,1,0,21.0,0,1,8685,0.0
0,0,2,24.0,0,1,8687,689.0
0,0,2,24.0,0,0,8688,595.0
0,1,1,18.0,0,0,8691,0.0
0,1,1,27.0,0,1,8693,0.0
0,1,2,13.0,0,1,8694,0.0
0,0,2,10.0,0,0,8694,0.0
0,1,2,8.0,0,0,8694,0.0
2,0,2,40.0,0,1,8695,1309.0
1,1,1,35.0,0,1,8696,0.0
2,0,2,13.0,0,0,8700,1880.0
2,0,0,19.0,0,0,8701,1986.0
0,0,2,44.0,0,0,8703,1571.0
2,1,2,36.0,0,1,8704,0.0
2,0,2,29.0,0,0,8704,2385.0
0,0,1,28.0,0,0,8708,679.0
0,0,2,36.0,0,0,8709,901.0
0,0,1,24.0,0,0,8710,589.0
2,1,2,14.0,0,1,8712,0.0
2,0,2,50.0,0,1,8714,1724.0
0,0,1,20.0,0,0,8716,648.0
0,0,2,38.0,0,0,8717,730.0
1,0,2,33.0,1,0,8719,4073.0
1,0,0,54.0,0,0,8719,5186.0
1,0,0,20.0,0,1,8719,0.0
0,0,0,23.0,0,1,8720,1346.0
1,1,0,65.0,0,1,8721,0.0
2,1,2,51.0,0,0,8722,0.0
2,0,2,36.0,0,0,8722,2099.0
0,0,2,38.0,0,0,8723,3182.0
0,0,0,28.0,0,0,8727,692.0
0,0,2,32.0,0,1,8728,904.0
0,0,2,55.0,0,0,8728,782.0
0,0,2,23.0,0,0,8728,1299.0
0,0,1,38.0,0,0,8728,671.0
0,1,0,18.0,0,1,8728,0.0
0,1,1,32.0,0,0,8728,0.0
0,0,2,44.0,0,0,8728,1019.0
0,0,2,62.0,0,1,8728,756.0
1,0,2,66.0,0,0,8729,4173.0
1,0,2,20.0,0,0,8729,25387.0
0,0,2,19.0,0,0,8732,609.0
0,0,2,24.0,0,0,8733,881.0
0,0,1,25.0,0,1,8734,708.0
0,0,2,20.0,0,0,8735,935.0
2,1,2,18.0,0,1,8736,0.0
2,0,2,20.0,0,1,8736,1267.0
1,1,2,14.0,0,1,8741,0.0
1,0,0,49.0,0,1,8741,4276.0
1,0,2,49.0,0,0,8741,2492.0
0,0,0,19.0,0,0,8743,721.0
0,0,2,53.0,0,0,8744,1620.0
2,0,2,31.0,0,0,8749,1049.0
0,0,2,18.0,0,0,8750,777.0
0,0,2,24.0,0,0,8751,599.0
2,0,2,35.0,0,0,8752,2759.0
0,0,2,27.0,0,0,8753,634.0
0,0,2,38.0,0,0,8753,803.0
0,0,2,23.0,0,0,8753,1235.0
0,0,2,22.0,0,0,8754,770.0
1,1,0,38.0,0,1,8755,0.0
0,0,2,28.0,0,1,8757,1700.0
2,0,2,25.0,0,0,8759,736.0
2,0,2,45.0,0,0,8759,1226.0
0,0,2,22.0,0,0,8760,804.0
0,0,2,30.0,0,1,8762,808.0
2,1,0,25.0,0,1,8764,0.0
2,1,2,24.0,0,1,8766,0.0
2,0,2,44.0,0,1,8769,2092.0
0,0,2,6.0,0,0,8770,0.0
0,1,2,0.0,0,1,8770,0.0
0,0,1,14.0,0,0,8770,826.0
0,0,2,37.0,0,0,8770,1046.0
0,0,2,15.0,0,0,8770,999.0
0,0,2,0.0,0,1,8770,0.0
0,0,2,17.0,0,1,8770,876.0
0,0,2,58.0,0,0,8771,811.0
1,1,0,15.0,0,1,8772,0.0
1,0,0,53.0,0,0,8772,5066.0
2,0,2,29.0,0,0,8773,1050.0
0,1,2,24.0,0,1,8774,0.0
0,0,2,40.0,0,1,8776,862.0
0,0,0,21.0,0,0,8779,636.0
0,0,2,30.0,0,0,8780,907.0
0,0,2,20.0,0,0,8781,809.0
2,1,2,20.0,0,1,8782,0.0
2,0,2,18.0,0,0,8783,783.0
2,1,2,36.0,0,1,8783,0.0
0,0,2,20.0,0,0,8785,954.0
0,0,2,4.0,0,1,8785,0.0
1,1,0,59.0,0,1,8786,0.0
0,0,2,20.0,0,0,8787,854.0
0,0,0,4.0,0,0,8789,0.0
0,0,2,23.0,0,1,8789,788.0
1,0,0,25.0,0,1,8790,5822.0
0,0,1,20.0,0,0,8791,653.0
0,0,2,22.0,0,1,8794,687.0
0,0,2,6.0,0,1,8796,0.0
0,0,2,14.0,0,0,8796,901.0
0,1,2,0.0,0,0,8796,0.0
0,1,2,4.0,0,0,8796,0.0
0,0,2,37.0,0,0,8796,724.0
0,0,2,14.0,0,1,8796,1582.0
0,0,2,34.0,0,1,8796,803.0
0,1,0,3.0,0,1,8796,0.0
0,0,1,18.0,0,0,8797,701.0
0,0,2,27.0,0,0,8798,2050.0
0,0,2,19.0,0,1,8799,908.0
0,0,2,37.0,0,0,8801,701.0
1,1,2,29.0,0,1,8802,0.0
0,0,1,37.0,0,0,8805,684.0
2,0,2,32.0,0,1,8806,1444.0
0,0,1,22.0,0,0,8807,617.0
0,0,2,38.0,0,1,8808,2736.0
0,0,2,24.0,0,0,8809,2136.0
0,0,1,63.0,0,0,8811,2402.0
2,1,2,23.0,0,0,8812,0.0
0,0,1,41.0,0,0,8813,767.0
0,0,0,20.0,0,0,8815,1292.0
1,1,2,48.0,0,1,8816,0.0
0,1,0,44.0,0,1,8816,0.0
1,1,0,15.0,0,1,8816,0.0
1,1,0,29.0,0,1,8816,0.0
1,0,2,64.0,0,0,8816,6061.0
0,0,2,19.0,0,0,8817,626.0
0,1,1,28.0,0,1,8818,0.0
0,0,2,44.0,0,0,8819,883.0
0,1,2,13.0,0,1,8820,0.0
0,0,2,45.0,0,1,8821,657.0
1,0,0,25.0,0,0,8822,2201.0
2,1,2,19.0,0,1,8823,0.0
0,0,2,29.0,0,0,8824,863.0
0,1,0,21.0,0,1,8825,0.0
1,0,0,13.0,0,0,8826,9770.0
1,0,0,25.0,0,0,8826,6561.0
1,0,2,46.0,0,0,8826,3186.0
0,0,0,37.0,0,1,8827,895.0
0,0,0,19.0,0,1,8828,1185.0
2,0,2,29.0,0,0,8830,2098.0
2,1,2,21.0,0,1,8830,0.0
2,1,2,13.0,0,1,8831,0.0
0,1,0,15.0,0,1,8833,0.0
0,0,2,42.0,0,0,8834,796.0
0,1,2,24.0,0,0,8835,0.0
0,0,2,26.0,0,0,8836,1112.0
0,1,2,19.0,0,0,8836,0.0
0,0,2,18.0,0,1,8838,809.0
0,0,0,50.0,0,0,8840,2457.0
2,1,2,28.0,0,1,8841,0.0
1,0,2,24.0,0,1,8842,3061.0
1,0,2,31.0,0,0,8843,3688.0
0,0,0,19.0,0,1,8844,718.0
0,0,2,20.0,0,0,8845,777.0
0,0,2,23.0,0,0,8845,1619.0
0,0,2,19.0,0,1,8848,1077.0
0,1,0,27.0,0,1,8849,0.0
2,0,2,16.0,0,0,8850,1299.0
2,1,2,76.0,0,1,8852,0.0
2,0,2,41.0,1,0,8852,860.0
0,0,1,24.0,0,0,8853,4706.0
0,1,2,12.0,0,0,8854,0.0
0,1,1,28.0,0,1,8856,0.0
1,0,2,36.0,1,0,8858,0.0
2,1,2,20.0,0,1,8860,0.0
0,1,2,7.0,0,1,8860,0.0
2,1,2,21.0,0,1,8860,0.0
2,0,2,33.0,0,0,8860,1298.0
1,0,2,32.0,0,1,8861,3215.0
1,0,0,34.0,0,1,8862,3253.0
1,0,1,38.0,1,0,8862,9523.0
1,1,2,24.0,0,1,8862,0.0
1,1,0,28.0,0,1,8862,0.0
1,1,2,25.0,0,1,8862,0.0
0,0,0,24.0,0,1,8863,790.0
2,1,2,18.0,0,1,8864,0.0
0,0,2,24.0,0,0,8865,826.0
1,1,0,30.0,0,1,8867,0.0
1,1,0,38.0,0,1,8867,0.0
0,0,2,39.0,0,1,8868,854.0
0,1,2,31.0,0,1,8869,0.0
0,0,2,33.0,0,1,8871,907.0
0,1,1,15.0,0,1,8871,0.0
2,1,2,23.0,0,1,8872,0.0
0,1,2,24.0,0,0,8874,0.0
1,0,0,44.0,0,1,8876,8040.0
0,0,2,22.0,0,0,8878,906.0
2,1,2,28.0,0,1,8880,0.0
0,0,0,34.0,0,1,8881,717.0
0,0,2,8.0,0,0,8883,0.0
0,0,2,26.0,0,1,8884,1483.0
2,0,2,29.0,0,0,8885,1056.0
0,0,0,58.0,0,0,8886,620.0
0,1,2,4.0,0,0,8886,0.0
0,0,1,1.0,0,1,8886,0.0
0,0,0,17.0,0,0,8889,615.0
0,0,1,27.0,0,0,8890,5281.0
0,0,2,24.0,0,1,8891,1743.0
0,0,2,16.0,0,1,8891,1332.0
0,0,2,28.0,0,0,8892,830.0
2,1,2,23.0,0,1,8894,0.0
2,1,0,33.0,0,1,8896,0.0
0,1,1,24.0,0,1,8897,0.0
0,0,2,6.0,0,1,8899,0.0
0,0,2,19.0,0,0,8900,810.0
1,1,2,31.0,0,1,8901,0.0
0,0,2,19.0,0,1,8902,1777.0
0,0,2,18.0,0,0,8903,810.0
0,0,2,35.0,0,0,8904,907.0
2,0,2,32.0,1,1,8905,0.0
0,0,0,19.0,0,0,8906,722.0
0,1,1,24.0,0,1,8907,0.0
0,0,2,33.0,0,0,8910,792.0
0,0,2,20.0,0,0,8918,809.0
1,0,2,27.0,0,0,8919,6231.0
1,0,2,26.0,0,0,8920,111.0
0,1,2,28.0,0,1,8922,0.0
0,0,2,19.0,0,1,8923,0.0
0,0,2,24.0,0,1,8926,83.0
1,1,0,52.0,0,1,8928,0.0
0,0,1,23.0,0,1,8930,610.0
0,0,2,23.0,0,0,8932,953.0
1,1,2,25.0,0,1,8937,0.0
0,1,2,22.0,0,1,8938,0.0
2,1,2,35.0,0,1,8938,0.0
0,1,1,24.0,0,1,8939,0.0
0,0,2,24.0,0,0,8940,793.0
2,0,2,26.0,1,0,8941,1298.0
2,0,2,37.0,0,1,8941,2188.0
2,0,2,14.0,0,0,8941,2073.0
1,0,2,36.0,0,1,8942,4238.0
0,1,1,0.0,0,1,8944,0.0
0,0,1,17.0,0,1,8944,0.0
0,0,2,18.0,0,0,8944,627.0
1,0,2,43.0,0,0,8945,3063.0
1,0,2,21.0,0,0,8945,3486.0
2,1,2,34.0,0,1,8947,0.0
1,0,2,57.0,0,0,8948,11390.0
1,0,0,18.0,0,1,8948,5746.0
0,0,1,73.0,0,0,8954,1853.0
0,0,2,31.0,0,0,8955,1524.0
0,0,2,25.0,0,0,8956,1995.0
0,1,2,20.0,0,1,8956,0.0
0,0,1,24.0,0,0,8956,615.0
0,0,2,24.0,0,0,8956,834.0
0,1,2,21.0,0,0,8956,0.0
0,0,1,22.0,0,0,8956,598.0
0,0,0,39.0,0,0,8956,1515.0
0,0,2,26.0,0,0,8956,741.0
1,1,2,32.0,0,1,8959,0.0
0,1,2,1.0,0,1,8961,0.0
0,0,2,7.0,0,0,8961,0.0
0,0,2,4.0,0,0,8961,0.0
0,0,2,21.0,0,0,8961,599.0
0,1,2,12.0,0,0,8961,0.0
2,0,2,28.0,0,0,8964,1774.0
2,0,2,0.0,0,1,8964,0.0
2,1,2,18.0,0,1,8964,0.0
2,0,2,52.0,0,0,8966,1241.0
0,0,2,18.0,0,0,8967,908.0
1,1,2,51.0,0,1,8968,0.0
1,0,0,21.0,0,1,8969,7744.0
1,0,0,28.0,0,0,8970,20517.0
2,1,2,34.0,0,1,8972,0.0
0,1,2,13.0,0,1,8973,0.0
0,0,2,35.0,0,0,8975,809.0
0,0,2,27.0,0,0,8975,969.0
0,0,2,35.0,0,0,8976,804.0
2,0,0,51.0,0,0,8977,1006.0
2,0,2,53.0,0,0,8978,1129.0
0,0,2,29.0,0,0,8981,983.0
0,0,2,41.0,0,0,8982,924.0
0,0,2,47.0,0,0,8983,1608.0
0,0,0,22.0,0,0,8985,640.0
0,0,2,19.0,0,0,8986,1619.0
0,0,1,22.0,0,0,8986,637.0
1,1,0,25.0,0,1,8987,0.0
0,1,2,24.0,0,1,8988,0.0
0,1,0,17.0,0,1,8988,0.0
0,1,0,0.0,0,1,8988,0.0
0,1,2,5.0,0,0,8988,0.0
0,0,2,30.0,0,0,8988,1108.0
0,1,2,17.0,0,1,8988,0.0
0,0,2,53.0,0,0,8988,1554.0
0,1,2,9.0,0,0,8988,0.0
1,0,2,17.0,0,1,8989,24217.0
1,1,0,16.0,0,1,8989,0.0
1,1,2,29.0,0,1,8989,0.0
1,0,0,29.0,0,0,8989,6572.0
2,0,2,46.0,0,0,8992,1182.0
0,0,1,27.0,0,0,8993,651.0
1,0,2,39.0,0,0,8996,2686.0
0,1,0,15.0,0,1,8997,0.0
0,0,2,30.0,0,0,8997,803.0
0,1,2,41.0,0,0,8998,0.0
0,0,2,47.0,0,0,8998,973.0
2,0,0,32.0,0,0,8999,3013.0
0,0,0,15.0,0,0,9001,876.0
0,0,2,23.0,0,1,9003,724.0
1,1,0,20.0,0,1,9004,0.0
1,1,2,33.0,0,1,9006,0.0
0,1,2,18.0,0,0,9007,0.0
0,0,2,31.0,0,0,9008,727.0
0,1,2,25.0,0,0,9008,0.0
0,1,1,19.0,0,1,9009,0.0
2,1,0,32.0,0,1,9010,0.0
0,0,2,45.0,0,0,9011,711.0
0,0,2,43.0,0,0,9012,909.0
0,0,2,21.0,0,0,9013,769.0
0,0,2,48.0,0,0,9013,784.0
0,0,0,0.0,0,1,9013,0.0
1,1,2,29.0,0,1,9014,0.0
1,0,0,41.0,0,0,9015,13715.0
0,0,2,23.0,0,0,9018,853.0
0,0,0,48.0,0,0,9019,788.0
0,0,1,18.0,0,1,9020,674.0
2,0,2,30.0,0,1,9021,549.0
2,0,2,26.0,1,0,9021,1723.0
0,0,2,18.0,0,1,9023,640.0
2,0,0,27.0,0,1,9024,2033.0
0,1,2,58.0,0,1,9026,0.0
0,0,2,22.0,0,0,9028,908.0
2,0,2,17.0,0,0,9029,3368.0
0,0,2,28.0,0,0,9030,2004.0
0,0,2,27.0,0,0,9030,809.0
0,0,2,51.0,0,0,9031,721.0
2,1,2,37.0,0,0,9032,0.0
1,1,2,14.0,0,1,9034,0.0
1,1,2,43.0,0,1,9034,0.0
1,0,0,27.0,0,0,9034,15291.0
1,0,2,60.0,0,1,9034,1616.0
1,0,2,33.0,0,0,9034,3322.0
0,0,2,39.0,0,0,9035,723.0
0,1,1,21.0,0,1,9036,0.0
2,0,0,21.0,0,0,9037,1462.0
1,1,0,28.0,0,1,9038,0.0
0,1,1,30.0,0,1,9041,0.0
1,0,0,42.0,0,1,9042,6016.0
0,1,2,25.0,0,1,9043,0.0
1,1,0,25.0,0,1,9046,0.0
1,0,2,25.0,0,0,9046,11488.0
0,1,2,54.0,0,0,9048,0.0
1,1,2,41.0,0,1,9049,0.0
0,0,2,36.0,0,0,9052,783.0
0,0,0,33.0,0,0,9052,2414.0
1,0,0,36.0,1,0,9057,7397.0
1,1,2,55.0,0,1,9057,0.0
0,0,2,16.0,0,0,9059,1050.0
0,0,2,28.0,0,0,9060,871.0
2,0,2,26.0,0,0,9061,1056.0
0,0,2,42.0,0,0,9064,864.0
0,0,1,30.0,0,0,9066,1278.0
1,0,2,31.0,0,0,9068,7059.0
1,1,2,22.0,0,1,9069,0.0
1,1,0,26.0,0,1,9069,0.0
1,1,0,25.0,0,1,9069,0.0
1,0,2,44.0,0,1,9069,4888.0
1,0,0,29.0,0,0,9069,17623.0
0,0,0,22.0,0,0,9071,1121.0
0,1,2,23.0,0,1,9072,0.0
2,0,2,30.0,0,0,9072,1041.0
2,0,2,23.0,0,0,9072,1288.0
1,0,2,13.0,0,0,9073,3488.0
1,1,0,53.0,0,1,9073,0.0
0,1,2,0.0,0,1,9074,0.0
0,0,1,27.0,0,0,9074,836.0
0,1,2,27.0,0,0,9074,0.0
0,1,0,10.0,0,1,9074,0.0
0,1,2,2.0,0,1,9074,0.0
0,0,0,5.0,0,1,9074,0.0
0,0,2,24.0,0,0,9075,788.0
0,0,2,32.0,0,0,9076,0.0
0,0,0,22.0,0,1,9077,1476.0
0,1,1,22.0,0,0,9077,0.0
0,0,1,44.0,0,0,9078,1558.0
0,0,2,55.0,0,1,9079,861.0
0,0,2,22.0,0,0,9080,745.0
0,0,2,8.0,0,0,9081,0.0
0,0,0,15.0,0,0,9081,962.0
0,1,2,1.0,0,0,9081,0.0
0,0,2,9.0,0,1,9081,0.0
0,0,2,48.0,0,1,9081,1395.0
0,0,1,16.0,0,0,9081,761.0
0,1,2,27.0,0,1,9081,0.0
0,1,1,3.0,0,1,9081,0.0
0,0,2,25.0,0,0,9084,1299.0
1,0,0,70.0,0,0,9085,4136.0
1,0,0,30.0,0,0,9085,4619.0
1,1,2,57.0,0,1,9085,0.0
0,0,2,42.0,0,0,9089,882.0
0,1,1,14.0,0,0,9094,0.0
0,0,2,43.0,0,1,9094,706.0
2,1,2,34.0,0,1,9097,0.0
0,0,2,21.0,0,1,9098,804.0
0,0,2,32.0,0,0,9099,1608.0
0,0,2,21.0,0,0,9101,926.0
0,0,2,25.0,0,0,9103,6335.0
1,1,0,25.0,0,1,9104,0.0
0,0,2,38.0,0,0,9106,1979.0
0,1,2,36.0,0,0,9107,0.0
0,1,2,44.0,0,1,9108,0.0
0,0,2,37.0,0,0,9108,808.0
0,0,2,47.0,0,0,9110,873.0
2,0,2,38.0,0,0,9111,2109.0
2,0,2,28.0,0,0,9112,0.0
1,1,0,38.0,0,1,9114,0.0
0,0,1,53.0,0,0,9115,1215.0
0,0,2,26.0,0,1,9116,49.0
0,0,0,13.0,0,1,9118,1692.0
0,0,2,64.0,0,1,9118,1874.0
0,1,2,16.0,0,0,9119,0.0
0,0,2,13.0,0,0,9120,1077.0
0,1,0,55.0,0,0,9122,0.0
2,0,2,26.0,0,0,9124,2109.0
2,1,2,23.0,0,1,9125,0.0
2,1,2,55.0,0,1,9125,0.0
2,1,2,50.0,0,1,9126,0.0
0,0,1,26.0,0,0,9127,769.0
0,0,2,36.0,0,0,9128,1394.0
0,1,1,33.0,0,0,9128,0.0
0,0,2,21.0,0,0,9129,809.0
2,1,2,41.0,0,1,9130,0.0
1,0,0,33.0,0,0,9131,3264.0
1,1,2,23.0,0,1,9131,0.0
2,0,2,31.0,0,0,9132,2578.0
2,0,2,28.0,0,0,9132,1819.0
0,0,2,13.0,0,0,9134,985.0
0,0,2,24.0,0,0,9136,809.0
2,0,2,35.0,0,0,9137,1750.0
2,0,2,25.0,0,0,9139,1705.0
0,1,1,19.0,0,1,9140,0.0
1,1,2,56.0,0,1,9141,0.0
0,0,2,18.0,0,0,9142,2251.0
0,0,2,22.0,0,0,9144,703.0
0,1,2,34.0,0,0,9145,0.0
0,0,2,11.0,0,0,9148,0.0
1,1,0,37.0,0,1,9149,0.0
1,0,0,22.0,0,0,9149,8319.0
0,0,2,45.0,0,0,9150,809.0
2,1,2,19.0,0,1,9151,0.0
0,1,2,39.0,0,1,9152,0.0
1,1,2,28.0,0,1,9156,0.0
0,0,2,36.0,0,0,9157,913.0
0,1,1,1.0,0,1,9157,0.0
0,0,1,10.0,0,1,9157,0.0
0,0,0,12.0,0,1,9157,0.0
0,0,2,31.0,0,0,9157,908.0
0,0,2,12.0,0,0,9157,0.0
0,1,2,3.0,0,1,9157,0.0
1,1,0,30.0,1,1,9158,0.0
0,0,2,41.0,0,1,9159,737.0
0,0,2,19.0,0,0,9160,690.0
0,1,0,38.0,0,0,9161,0.0
0,1,2,36.0,0,1,9161,0.0
0,1,2,0.0,0,1,9163,0.0
2,0,2,20.0,0,0,9164,1378.0
0,0,2,23.0,0,0,9165,739.0
0,0,2,35.0,0,0,9167,684.0
1,0,0,36.0,0,0,9168,23774.0
1,1,2,41.0,0,1,9168,0.0
2,0,2,38.0,0,1,9169,2382.0
0,0,2,33.0,0,0,9170,1609.0
0,0,2,54.0,0,0,9172,1874.0
0,0,1,33.0,0,0,9173,1116.0
0,0,1,54.0,0,1,9174,912.0
1,0,0,32.0,0,1,9175,10578.0
0,0,2,24.0,0,1,9176,739.0
0,0,2,53.0,0,0,9178,703.0
0,1,2,26.0,0,1,9179,0.0
0,0,2,31.0,0,0,9179,783.0
0,1,1,18.0,0,0,9179,0.0
0,1,2,39.0,0,1,9179,0.0
2,0,2,37.0,0,0,9180,2366.0
0,0,2,35.0,0,1,9181,734.0
1,0,0,34.0,0,0,9183,5882.0
0,0,2,28.0,0,0,9184,495.0
0,0,2,43.0,0,1,9185,792.0
2,1,2,2.0,0,1,9186,0.0
0,0,2,24.0,0,0,9188,809.0
0,0,1,18.0,0,0,9189,611.0
0,0,2,21.0,0,1,9190,804.0
0,0,1,24.0,0,1,9192,599.0
0,0,1,35.0,0,0,9193,0.0
0,0,0,53.0,0,0,9194,7177.0
1,0,2,32.0,1,0,9194,1927.0
2,1,2,44.0,0,1,9195,0.0
2,1,2,33.0,0,1,9195,0.0
1,0,2,40.0,0,1,9196,1947.0
1,0,2,31.0,0,1,9196,2267.0
1,0,2,23.0,0,0,9196,3198.0
1,0,0,44.0,0,1,9197,0.0
1,0,2,41.0,1,0,9197,17041.0
1,0,2,31.0,0,1,9197,5258.0
1,0,0,30.0,0,0,9197,3821.0
1,1,0,33.0,0,1,9199,0.0
0,0,1,30.0,0,1,9201,816.0
1,0,2,26.0,0,0,9202,8810.0
2,1,0,22.0,0,1,9203,0.0
1,1,0,37.0,0,1,9205,0.0
1,1,2,15.0,0,1,9205,0.0
1,1,2,52.0,0,1,9205,0.0
0,1,2,35.0,0,1,9208,0.0
0,0,2,40.0,0,0,9208,803.0
0,0,2,60.0,0,0,9211,442.0
0,0,2,24.0,0,1,9213,885.0
0,0,0,31.0,0,1,9217,789.0
1,1,0,43.0,0,1,9218,0.0
0,0,0,9.0,0,0,9219,0.0
0,0,2,51.0,0,1,9219,1170.0
0,0,2,25.0,0,0,9220,907.0
0,1,2,20.0,0,1,9220,0.0
0,0,1,22.0,0,1,9220,676.0
0,1,2,21.0,0,0,9221,0.0
2,1,2,50.0,0,1,9222,0.0
2,0,2,24.0,0,0,9224,2365.0
0,0,2,45.0,0,0,9225,873.0
0,0,2,22.0,0,0,9226,701.0
0,1,2,7.0,0,0,9227,0.0
0,1,1,11.0,0,1,9227,0.0
0,1,1,1.0,0,1,9227,0.0
0,1,2,0.0,0,1,9227,0.0
0,0,2,8.0,0,0,9227,0.0
1,0,2,36.0,1,1,9230,10154.0
2,1,0,2.0,0,1,9231,0.0
2,0,2,0.0,0,1,9231,0.0
2,0,2,22.0,0,0,9231,0.0
0,0,2,41.0,0,1,9233,671.0
0,0,2,49.0,0,0,9234,1775.0
0,0,2,30.0,0,1,9235,1447.0
0,1,2,37.0,0,0,9237,0.0
2,0,2,14.0,0,0,9239,1048.0
2,0,2,30.0,0,0,9241,1299.0
0,0,2,62.0,0,1,9242,798.0
0,1,1,13.0,0,1,9244,0.0
0,0,2,32.0,0,1,9246,0.0
0,1,2,33.0,0,0,9247,0.0
0,0,0,38.0,0,1,9248,2416.0
1,0,2,29.0,0,1,9250,3188.0
2,1,2,25.0,0,1,9251,0.0
1,0,0,26.0,0,1,9252,8803.0
1,1,0,19.0,0,1,9252,0.0
0,1,1,16.0,0,1,9253,0.0
0,1,1,61.0,0,0,9254,0.0
0,1,2,28.0,0,1,9256,0.0
0,0,2,13.0,0,0,9257,1148.0
0,0,2,44.0,0,1,9259,2056.0
0,1,1,22.0,0,0,9261,0.0
1,1,0,30.0,0,1,9264,0.0
1,1,2,21.0,0,1,9267,0.0
1,1,2,20.0,0,1,9267,0.0
0,1,2,31.0,0,1,9268,0.0
0,1,0,33.0,0,1,9270,0.0
0,0,2,26.0,0,1,9272,992.0
0,0,2,21.0,0,0,9272,775.0
0,1,2,23.0,0,1,9274,0.0
1,0,2,0.0,0,1,9275,0.0
1,0,2,32.0,0,0,9275,1231.0
1,0,2,30.0,0,1,9275,3540.0
1,0,0,41.0,1,0,9276,8536.0
0,1,1,18.0,0,0,9278,0.0
0,0,2,26.0,0,1,9279,1873.0
1,0,0,32.0,0,0,9280,4637.0
1,0,2,44.0,0,1,9280,4826.0
